4100.00 0.0850
4100.06 0.0850
4100.12 0.0850
4100.18 0.0850
4100.24 0.0850
4100.30 0.0849
4100.36 0.0848
4100.42 0.0847
4100.48 0.0847
4100.54 0.0846
4100.60 0.0846
4100.66 0.0846
4100.73 0.0847
4100.79 0.0847
4100.85 0.0848
4100.91 0.0848
4100.97 0.0849
4101.03 0.0849
4101.09 0.0849
4101.15 0.0849
4101.21 0.0848
4101.27 0.0847
4101.33 0.0847
4101.39 0.0846
4101.45 0.0845
4101.51 0.0844
4101.57 0.0843
4101.63 0.0843
4101.69 0.0843
4101.75 0.0843
4101.81 0.0843
4101.87 0.0844
4101.93 0.0844
4101.99 0.0845
4102.05 0.0846
4102.11 0.0846
4102.17 0.0846
4102.23 0.0846
4102.29 0.0846
4102.35 0.0846
4102.41 0.0845
4102.47 0.0844
4102.53 0.0844
4102.59 0.0843
4102.65 0.0843
4102.71 0.0843
4102.77 0.0843
4102.83 0.0843
4102.89 0.0844
4102.95 0.0845
4103.02 0.0846
4103.08 0.0846
4103.14 0.0847
4103.20 0.0848
4103.26 0.0848
4103.32 0.0848
4103.38 0.0848
4103.44 0.0847
4103.50 0.0846
4103.56 0.0845
4103.62 0.0844
4103.68 0.0843
4103.74 0.0841
4103.80 0.0841
4103.86 0.0840
4103.92 0.0840
4103.98 0.0840
4104.04 0.0840
4104.10 0.0840
4104.16 0.0841
4104.22 0.0842
4104.28 0.0843
4104.34 0.0844
4104.40 0.0844
4104.46 0.0845
4104.52 0.0845
4104.58 0.0845
4104.64 0.0845
4104.70 0.0844
4104.76 0.0844
4104.82 0.0843
4104.88 0.0842
4104.94 0.0842
4105.00 0.0842
4105.06 0.0841
4105.12 0.0841
4105.18 0.0841
4105.24 0.0841
4105.31 0.0841
4105.37 0.0841
4105.43 0.0841
4105.49 0.0840
4105.55 0.0840
4105.61 0.0839
4105.67 0.0838
4105.73 0.0837
4105.79 0.0836
4105.85 0.0835
4105.91 0.0835
4105.97 0.0834
4106.03 0.0834
4106.09 0.0834
4106.15 0.0835
4106.21 0.0836
4106.27 0.0837
4106.33 0.0838
4106.39 0.0839
4106.45 0.0840
4106.51 0.0840
4106.57 0.0841
4106.63 0.0841
4106.69 0.0841
4106.75 0.0840
4106.81 0.0840
4106.87 0.0839
4106.93 0.0839
4106.99 0.0838
4107.05 0.0838
4107.11 0.0838
4107.17 0.0838
4107.23 0.0839
4107.29 0.0840
4107.35 0.0840
4107.41 0.0841
4107.47 0.0842
4107.53 0.0842
4107.60 0.0843
4107.66 0.0843
4107.72 0.0843
4107.78 0.0842
4107.84 0.0842
4107.90 0.0841
4107.96 0.0840
4108.02 0.0840
4108.08 0.0839
4108.14 0.0838
4108.20 0.0838
4108.26 0.0838
4108.32 0.0838
4108.38 0.0839
4108.44 0.0840
4108.50 0.0841
4108.56 0.0842
4108.62 0.0843
4108.68 0.0844
4108.74 0.0845
4108.80 0.0846
4108.86 0.0846
4108.92 0.0847
4108.98 0.0847
4109.04 0.0846
4109.10 0.0846
4109.16 0.0846
4109.22 0.0845
4109.28 0.0845
4109.34 0.0844
4109.40 0.0844
4109.46 0.0843
4109.52 0.0843
4109.58 0.0843
4109.64 0.0843
4109.70 0.0843
4109.76 0.0843
4109.83 0.0842
4109.89 0.0842
4109.95 0.0842
4110.01 0.0841
4110.07 0.0841
4110.13 0.0840
4110.19 0.0839
4110.25 0.0839
4110.31 0.0838
4110.37 0.0838
4110.43 0.0838
4110.49 0.0839
4110.55 0.0839
4110.61 0.0840
4110.67 0.0841
4110.73 0.0842
4110.79 0.0843
4110.85 0.0844
4110.91 0.0844
4110.97 0.0845
4111.03 0.0845
4111.09 0.0844
4111.15 0.0843
4111.21 0.0842
4111.27 0.0841
4111.33 0.0840
4111.39 0.0839
4111.45 0.0838
4111.51 0.0838
4111.57 0.0838
4111.63 0.0838
4111.69 0.0838
4111.75 0.0839
4111.81 0.0839
4111.87 0.0840
4111.93 0.0841
4111.99 0.0842
4112.05 0.0842
4112.12 0.0843
4112.18 0.0843
4112.24 0.0842
4112.30 0.0842
4112.36 0.0841
4112.42 0.0840
4112.48 0.0839
4112.54 0.0839
4112.60 0.0838
4112.66 0.0838
4112.72 0.0837
4112.78 0.0838
4112.84 0.0838
4112.90 0.0839
4112.96 0.0840
4113.02 0.0840
4113.08 0.0841
4113.14 0.0842
4113.20 0.0843
4113.26 0.0843
4113.32 0.0843
4113.38 0.0843
4113.44 0.0843
4113.50 0.0842
4113.56 0.0841
4113.62 0.0841
4113.68 0.0841
4113.74 0.0840
4113.80 0.0840
4113.86 0.0841
4113.92 0.0841
4113.98 0.0842
4114.04 0.0842
4114.10 0.0843
4114.16 0.0844
4114.22 0.0844
4114.28 0.0844
4114.34 0.0844
4114.41 0.0844
4114.47 0.0844
4114.53 0.0843
4114.59 0.0842
4114.65 0.0842
4114.71 0.0841
4114.77 0.0840
4114.83 0.0840
4114.89 0.0840
4114.95 0.0839
4115.01 0.0839
4115.07 0.0840
4115.13 0.0840
4115.19 0.0840
4115.25 0.0840
4115.31 0.0840
4115.37 0.0840
4115.43 0.0840
4115.49 0.0839
4115.55 0.0839
4115.61 0.0838
4115.67 0.0837
4115.73 0.0837
4115.79 0.0836
4115.85 0.0836
4115.91 0.0836
4115.97 0.0836
4116.03 0.0836
4116.09 0.0836
4116.15 0.0837
4116.21 0.0837
4116.27 0.0838
4116.33 0.0839
4116.39 0.0840
4116.45 0.0840
4116.51 0.0841
4116.57 0.0841
4116.63 0.0840
4116.70 0.0840
4116.76 0.0840
4116.82 0.0839
4116.88 0.0838
4116.94 0.0837
4117.00 0.0837
4117.06 0.0836
4117.12 0.0836
4117.18 0.0836
4117.24 0.0836
4117.30 0.0836
4117.36 0.0837
4117.42 0.0837
4117.48 0.0838
4117.54 0.0838
4117.60 0.0839
4117.66 0.0839
4117.72 0.0839
4117.78 0.0839
4117.84 0.0839
4117.90 0.0839
4117.96 0.0839
4118.02 0.0839
4118.08 0.0839
4118.14 0.0840
4118.20 0.0840
4118.26 0.0841
4118.32 0.0841
4118.38 0.0842
4118.44 0.0842
4118.50 0.0843
4118.56 0.0843
4118.62 0.0843
4118.68 0.0843
4118.74 0.0842
4118.80 0.0842
4118.86 0.0841
4118.93 0.0840
4118.99 0.0839
4119.05 0.0838
4119.11 0.0838
4119.17 0.0837
4119.23 0.0837
4119.29 0.0837
4119.35 0.0837
4119.41 0.0837
4119.47 0.0837
4119.53 0.0837
4119.59 0.0838
4119.65 0.0838
4119.71 0.0838
4119.77 0.0838
4119.83 0.0838
4119.89 0.0838
4119.95 0.0837
4120.01 0.0837
4120.07 0.0836
4120.13 0.0836
4120.19 0.0836
4120.25 0.0835
4120.31 0.0835
4120.37 0.0836
4120.43 0.0836
4120.49 0.0837
4120.55 0.0838
4120.61 0.0839
4120.67 0.0839
4120.73 0.0840
4120.79 0.0841
4120.85 0.0841
4120.91 0.0840
4120.97 0.0840
4121.03 0.0839
4121.09 0.0838
4121.15 0.0836
4121.22 0.0835
4121.28 0.0833
4121.34 0.0832
4121.40 0.0831
4121.46 0.0830
4121.52 0.0830
4121.58 0.0830
4121.64 0.0830
4121.70 0.0831
4121.76 0.0832
4121.82 0.0833
4121.88 0.0835
4121.94 0.0836
4122.00 0.0837
4122.06 0.0837
4122.12 0.0838
4122.18 0.0838
4122.24 0.0838
4122.30 0.0838
4122.36 0.0838
4122.42 0.0838
4122.48 0.0838
4122.54 0.0838
4122.60 0.0839
4122.66 0.0839
4122.72 0.0839
4122.78 0.0839
4122.84 0.0839
4122.90 0.0839
4122.96 0.0839
4123.02 0.0839
4123.08 0.0839
4123.14 0.0838
4123.20 0.0838
4123.26 0.0837
4123.32 0.0836
4123.38 0.0835
4123.44 0.0834
4123.51 0.0833
4123.57 0.0832
4123.63 0.0832
4123.69 0.0832
4123.75 0.0832
4123.81 0.0832
4123.87 0.0832
4123.93 0.0833
4123.99 0.0834
4124.05 0.0834
4124.11 0.0835
4124.17 0.0835
4124.23 0.0835
4124.29 0.0835
4124.35 0.0835
4124.41 0.0834
4124.47 0.0833
4124.53 0.0832
4124.59 0.0831
4124.65 0.0830
4124.71 0.0830
4124.77 0.0829
4124.83 0.0829
4124.89 0.0830
4124.95 0.0830
4125.01 0.0831
4125.07 0.0832
4125.13 0.0833
4125.19 0.0834
4125.25 0.0835
4125.31 0.0835
4125.37 0.0835
4125.43 0.0835
4125.49 0.0835
4125.55 0.0834
4125.61 0.0834
4125.67 0.0834
4125.74 0.0833
4125.80 0.0833
4125.86 0.0833
4125.92 0.0834
4125.98 0.0834
4126.04 0.0835
4126.10 0.0836
4126.16 0.0836
4126.22 0.0837
4126.28 0.0838
4126.34 0.0839
4126.40 0.0839
4126.46 0.0840
4126.52 0.0840
4126.58 0.0840
4126.64 0.0841
4126.70 0.0841
4126.76 0.0841
4126.82 0.0841
4126.88 0.0841
4126.94 0.0841
4127.00 0.0841
4127.06 0.0841
4127.12 0.0841
4127.18 0.0841
4127.24 0.0841
4127.30 0.0841
4127.36 0.0841
4127.42 0.0841
4127.48 0.0840
4127.54 0.0840
4127.60 0.0839
4127.66 0.0838
4127.72 0.0837
4127.78 0.0836
4127.84 0.0835
4127.90 0.0834
4127.96 0.0832
4128.03 0.0832
4128.09 0.0831
4128.15 0.0830
4128.21 0.0830
4128.27 0.0830
4128.33 0.0831
4128.39 0.0831
4128.45 0.0832
4128.51 0.0832
4128.57 0.0833
4128.63 0.0833
4128.69 0.0833
4128.75 0.0833
4128.81 0.0832
4128.87 0.0831
4128.93 0.0831
4128.99 0.0830
4129.05 0.0830
4129.11 0.0829
4129.17 0.0829
4129.23 0.0829
4129.29 0.0829
4129.35 0.0830
4129.41 0.0831
4129.47 0.0832
4129.53 0.0833
4129.59 0.0833
4129.65 0.0834
4129.71 0.0834
4129.77 0.0834
4129.83 0.0834
4129.89 0.0834
4129.95 0.0833
4130.01 0.0832
4130.07 0.0831
4130.13 0.0831
4130.19 0.0830
4130.25 0.0830
4130.32 0.0829
4130.38 0.0830
4130.44 0.0830
4130.50 0.0831
4130.56 0.0832
4130.62 0.0833
4130.68 0.0834
4130.74 0.0835
4130.80 0.0836
4130.86 0.0836
4130.92 0.0837
4130.98 0.0837
4131.04 0.0837
4131.10 0.0837
4131.16 0.0837
4131.22 0.0837
4131.28 0.0836
4131.34 0.0836
4131.40 0.0837
4131.46 0.0837
4131.52 0.0838
4131.58 0.0839
4131.64 0.0840
4131.70 0.0841
4131.76 0.0842
4131.82 0.0843
4131.88 0.0843
4131.94 0.0843
4132.00 0.0842
4132.06 0.0841
4132.12 0.0840
4132.18 0.0838
4132.24 0.0836
4132.30 0.0834
4132.36 0.0832
4132.42 0.0831
4132.48 0.0830
4132.54 0.0829
4132.61 0.0829
4132.67 0.0829
4132.73 0.0830
4132.79 0.0830
4132.85 0.0831
4132.91 0.0831
4132.97 0.0832
4133.03 0.0832
4133.09 0.0832
4133.15 0.0831
4133.21 0.0830
4133.27 0.0829
4133.33 0.0828
4133.39 0.0827
4133.45 0.0826
4133.51 0.0825
4133.57 0.0824
4133.63 0.0824
4133.69 0.0825
4133.75 0.0825
4133.81 0.0826
4133.87 0.0827
4133.93 0.0829
4133.99 0.0830
4134.05 0.0831
4134.11 0.0831
4134.17 0.0831
4134.23 0.0831
4134.29 0.0831
4134.35 0.0830
4134.41 0.0829
4134.47 0.0828
4134.53 0.0827
4134.59 0.0827
4134.65 0.0826
4134.71 0.0826
4134.77 0.0827
4134.84 0.0828
4134.90 0.0830
4134.96 0.0832
4135.02 0.0834
4135.08 0.0836
4135.14 0.0839
4135.20 0.0840
4135.26 0.0842
4135.32 0.0842
4135.38 0.0843
4135.44 0.0842
4135.50 0.0841
4135.56 0.0840
4135.62 0.0838
4135.68 0.0836
4135.74 0.0834
4135.80 0.0833
4135.86 0.0832
4135.92 0.0831
4135.98 0.0830
4136.04 0.0830
4136.10 0.0830
4136.16 0.0831
4136.22 0.0831
4136.28 0.0831
4136.34 0.0831
4136.40 0.0831
4136.46 0.0830
4136.52 0.0830
4136.58 0.0829
4136.64 0.0827
4136.70 0.0826
4136.76 0.0825
4136.82 0.0825
4136.88 0.0824
4136.94 0.0824
4137.00 0.0825
4137.06 0.0826
4137.13 0.0827
4137.19 0.0828
4137.25 0.0830
4137.31 0.0832
4137.37 0.0833
4137.43 0.0834
4137.49 0.0834
4137.55 0.0834
4137.61 0.0834
4137.67 0.0833
4137.73 0.0831
4137.79 0.0830
4137.85 0.0829
4137.91 0.0827
4137.97 0.0826
4138.03 0.0825
4138.09 0.0825
4138.15 0.0825
4138.21 0.0826
4138.27 0.0826
4138.33 0.0827
4138.39 0.0827
4138.45 0.0828
4138.51 0.0828
4138.57 0.0828
4138.63 0.0828
4138.69 0.0827
4138.75 0.0826
4138.81 0.0825
4138.87 0.0824
4138.93 0.0824
4138.99 0.0824
4139.05 0.0824
4139.11 0.0825
4139.17 0.0826
4139.23 0.0828
4139.29 0.0830
4139.35 0.0832
4139.42 0.0835
4139.48 0.0836
4139.54 0.0838
4139.60 0.0838
4139.66 0.0839
4139.72 0.0838
4139.78 0.0837
4139.84 0.0836
4139.90 0.0834
4139.96 0.0833
4140.02 0.0831
4140.08 0.0829
4140.14 0.0828
4140.20 0.0828
4140.26 0.0827
4140.32 0.0827
4140.38 0.0827
4140.44 0.0828
4140.50 0.0828
4140.56 0.0829
4140.62 0.0829
4140.68 0.0829
4140.74 0.0829
4140.80 0.0829
4140.86 0.0828
4140.92 0.0827
4140.98 0.0826
4141.04 0.0825
4141.10 0.0824
4141.16 0.0824
4141.22 0.0823
4141.28 0.0823
4141.34 0.0823
4141.40 0.0824
4141.46 0.0825
4141.52 0.0826
4141.58 0.0827
4141.64 0.0828
4141.71 0.0829
4141.77 0.0829
4141.83 0.0829
4141.89 0.0829
4141.95 0.0829
4142.01 0.0828
4142.07 0.0826
4142.13 0.0825
4142.19 0.0824
4142.25 0.0823
4142.31 0.0822
4142.37 0.0821
4142.43 0.0821
4142.49 0.0822
4142.55 0.0823
4142.61 0.0825
4142.67 0.0827
4142.73 0.0830
4142.79 0.0832
4142.85 0.0835
4142.91 0.0837
4142.97 0.0839
4143.03 0.0841
4143.09 0.0842
4143.15 0.0843
4143.21 0.0843
4143.27 0.0843
4143.33 0.0842
4143.39 0.0841
4143.45 0.0840
4143.51 0.0839
4143.57 0.0838
4143.63 0.0837
4143.69 0.0836
4143.75 0.0836
4143.81 0.0835
4143.87 0.0834
4143.94 0.0833
4144.00 0.0833
4144.06 0.0831
4144.12 0.0830
4144.18 0.0829
4144.24 0.0827
4144.30 0.0825
4144.36 0.0824
4144.42 0.0822
4144.48 0.0821
4144.54 0.0821
4144.60 0.0820
4144.66 0.0820
4144.72 0.0821
4144.78 0.0822
4144.84 0.0823
4144.90 0.0824
4144.96 0.0826
4145.02 0.0826
4145.08 0.0827
4145.14 0.0827
4145.20 0.0827
4145.26 0.0826
4145.32 0.0825
4145.38 0.0824
4145.44 0.0823
4145.50 0.0821
4145.56 0.0820
4145.62 0.0819
4145.68 0.0819
4145.74 0.0819
4145.80 0.0819
4145.86 0.0820
4145.92 0.0821
4145.98 0.0822
4146.04 0.0823
4146.10 0.0824
4146.16 0.0825
4146.23 0.0825
4146.29 0.0825
4146.35 0.0825
4146.41 0.0824
4146.47 0.0823
4146.53 0.0822
4146.59 0.0821
4146.65 0.0820
4146.71 0.0819
4146.77 0.0818
4146.83 0.0818
4146.89 0.0818
4146.95 0.0819
4147.01 0.0820
4147.07 0.0822
4147.13 0.0824
4147.19 0.0826
4147.25 0.0828
4147.31 0.0830
4147.37 0.0832
4147.43 0.0833
4147.49 0.0833
4147.55 0.0833
4147.61 0.0833
4147.67 0.0832
4147.73 0.0831
4147.79 0.0829
4147.85 0.0828
4147.91 0.0827
4147.97 0.0827
4148.03 0.0828
4148.09 0.0829
4148.15 0.0830
4148.21 0.0833
4148.27 0.0836
4148.33 0.0838
4148.39 0.0841
4148.45 0.0843
4148.52 0.0845
4148.58 0.0845
4148.64 0.0845
4148.70 0.0844
4148.76 0.0842
4148.82 0.0839
4148.88 0.0836
4148.94 0.0833
4149.00 0.0831
4149.06 0.0828
4149.12 0.0826
4149.18 0.0825
4149.24 0.0824
4149.30 0.0824
4149.36 0.0825
4149.42 0.0825
4149.48 0.0826
4149.54 0.0826
4149.60 0.0827
4149.66 0.0827
4149.72 0.0826
4149.78 0.0826
4149.84 0.0825
4149.90 0.0824
4149.96 0.0823
4150.02 0.0822
4150.08 0.0822
4150.14 0.0821
4150.20 0.0822
4150.26 0.0822
4150.32 0.0823
4150.38 0.0823
4150.44 0.0824
4150.50 0.0824
4150.56 0.0825
4150.62 0.0825
4150.68 0.0824
4150.74 0.0824
4150.81 0.0823
4150.87 0.0823
4150.93 0.0822
4150.99 0.0821
4151.05 0.0821
4151.11 0.0821
4151.17 0.0822
4151.23 0.0822
4151.29 0.0823
4151.35 0.0825
4151.41 0.0826
4151.47 0.0828
4151.53 0.0829
4151.59 0.0830
4151.65 0.0830
4151.71 0.0830
4151.77 0.0830
4151.83 0.0829
4151.89 0.0828
4151.95 0.0826
4152.01 0.0825
4152.07 0.0823
4152.13 0.0822
4152.19 0.0820
4152.25 0.0819
4152.31 0.0819
4152.37 0.0819
4152.43 0.0819
4152.49 0.0820
4152.55 0.0821
4152.61 0.0822
4152.67 0.0823
4152.73 0.0824
4152.79 0.0824
4152.85 0.0824
4152.91 0.0824
4152.97 0.0823
4153.04 0.0822
4153.10 0.0821
4153.16 0.0820
4153.22 0.0819
4153.28 0.0818
4153.34 0.0819
4153.40 0.0820
4153.46 0.0821
4153.52 0.0824
4153.58 0.0828
4153.64 0.0832
4153.70 0.0837
4153.76 0.0841
4153.82 0.0845
4153.88 0.0849
4153.94 0.0851
4154.00 0.0852
4154.06 0.0852
4154.12 0.0850
4154.18 0.0847
4154.24 0.0844
4154.30 0.0839
4154.36 0.0835
4154.42 0.0830
4154.48 0.0827
4154.54 0.0824
4154.60 0.0822
4154.66 0.0821
4154.72 0.0821
4154.78 0.0822
4154.84 0.0823
4154.90 0.0825
4154.96 0.0826
4155.02 0.0828
4155.08 0.0829
4155.14 0.0829
4155.20 0.0829
4155.26 0.0828
4155.33 0.0826
4155.39 0.0824
4155.45 0.0823
4155.51 0.0821
4155.57 0.0820
4155.63 0.0819
4155.69 0.0818
4155.75 0.0818
4155.81 0.0819
4155.87 0.0820
4155.93 0.0820
4155.99 0.0821
4156.05 0.0822
4156.11 0.0823
4156.17 0.0823
4156.23 0.0823
4156.29 0.0822
4156.35 0.0821
4156.41 0.0820
4156.47 0.0819
4156.53 0.0817
4156.59 0.0816
4156.65 0.0815
4156.71 0.0815
4156.77 0.0814
4156.83 0.0815
4156.89 0.0815
4156.95 0.0816
4157.01 0.0817
4157.07 0.0818
4157.13 0.0819
4157.19 0.0820
4157.25 0.0821
4157.31 0.0821
4157.37 0.0821
4157.43 0.0820
4157.49 0.0819
4157.55 0.0818
4157.62 0.0817
4157.68 0.0815
4157.74 0.0814
4157.80 0.0813
4157.86 0.0813
4157.92 0.0813
4157.98 0.0814
4158.04 0.0815
4158.10 0.0817
4158.16 0.0818
4158.22 0.0820
4158.28 0.0821
4158.34 0.0822
4158.40 0.0823
4158.46 0.0823
4158.52 0.0822
4158.58 0.0822
4158.64 0.0822
4158.70 0.0822
4158.76 0.0823
4158.82 0.0825
4158.88 0.0828
4158.94 0.0832
4159.00 0.0837
4159.06 0.0842
4159.12 0.0848
4159.18 0.0854
4159.24 0.0860
4159.30 0.0864
4159.36 0.0866
4159.42 0.0867
4159.48 0.0865
4159.54 0.0862
4159.60 0.0858
4159.66 0.0852
4159.72 0.0845
4159.78 0.0839
4159.84 0.0832
4159.91 0.0826
4159.97 0.0821
4160.03 0.0818
4160.09 0.0815
4160.15 0.0814
4160.21 0.0814
4160.27 0.0815
4160.33 0.0816
4160.39 0.0818
4160.45 0.0819
4160.51 0.0820
4160.57 0.0821
4160.63 0.0821
4160.69 0.0821
4160.75 0.0820
4160.81 0.0819
4160.87 0.0818
4160.93 0.0817
4160.99 0.0816
4161.05 0.0815
4161.11 0.0815
4161.17 0.0815
4161.23 0.0815
4161.29 0.0816
4161.35 0.0817
4161.41 0.0817
4161.47 0.0818
4161.53 0.0819
4161.59 0.0819
4161.65 0.0820
4161.71 0.0819
4161.77 0.0819
4161.83 0.0818
4161.89 0.0817
4161.95 0.0816
4162.01 0.0815
4162.07 0.0814
4162.14 0.0813
4162.20 0.0813
4162.26 0.0813
4162.32 0.0813
4162.38 0.0814
4162.44 0.0815
4162.50 0.0817
4162.56 0.0819
4162.62 0.0821
4162.68 0.0822
4162.74 0.0823
4162.80 0.0824
4162.86 0.0824
4162.92 0.0824
4162.98 0.0823
4163.04 0.0822
4163.10 0.0820
4163.16 0.0819
4163.22 0.0817
4163.28 0.0817
4163.34 0.0816
4163.40 0.0816
4163.46 0.0816
4163.52 0.0817
4163.58 0.0817
4163.64 0.0818
4163.70 0.0818
4163.76 0.0819
4163.82 0.0819
4163.88 0.0819
4163.94 0.0820
4164.00 0.0821
4164.06 0.0823
4164.12 0.0826
4164.18 0.0830
4164.24 0.0835
4164.30 0.0841
4164.36 0.0848
4164.43 0.0855
4164.49 0.0862
4164.55 0.0867
4164.61 0.0872
4164.67 0.0875
4164.73 0.0876
4164.79 0.0875
4164.85 0.0871
4164.91 0.0866
4164.97 0.0860
4165.03 0.0852
4165.09 0.0844
4165.15 0.0836
4165.21 0.0829
4165.27 0.0823
4165.33 0.0818
4165.39 0.0814
4165.45 0.0811
4165.51 0.0810
4165.57 0.0810
4165.63 0.0811
4165.69 0.0812
4165.75 0.0814
4165.81 0.0815
4165.87 0.0817
4165.93 0.0818
4165.99 0.0819
4166.05 0.0820
4166.11 0.0820
4166.17 0.0819
4166.23 0.0819
4166.29 0.0818
4166.35 0.0817
4166.41 0.0815
4166.47 0.0814
4166.53 0.0813
4166.59 0.0812
4166.65 0.0812
4166.72 0.0812
4166.78 0.0813
4166.84 0.0814
4166.90 0.0815
4166.96 0.0817
4167.02 0.0818
4167.08 0.0820
4167.14 0.0821
4167.20 0.0821
4167.26 0.0821
4167.32 0.0821
4167.38 0.0820
4167.44 0.0818
4167.50 0.0817
4167.56 0.0815
4167.62 0.0814
4167.68 0.0813
4167.74 0.0812
4167.80 0.0812
4167.86 0.0812
4167.92 0.0813
4167.98 0.0814
4168.04 0.0814
4168.10 0.0815
4168.16 0.0816
4168.22 0.0816
4168.28 0.0816
4168.34 0.0816
4168.40 0.0815
4168.46 0.0815
4168.52 0.0814
4168.58 0.0813
4168.64 0.0813
4168.70 0.0813
4168.76 0.0812
4168.82 0.0812
4168.88 0.0813
4168.94 0.0813
4169.01 0.0814
4169.07 0.0816
4169.13 0.0818
4169.19 0.0821
4169.25 0.0826
4169.31 0.0831
4169.37 0.0838
4169.43 0.0846
4169.49 0.0854
4169.55 0.0864
4169.61 0.0872
4169.67 0.0881
4169.73 0.0888
4169.79 0.0893
4169.85 0.0896
4169.91 0.0896
4169.97 0.0894
4170.03 0.0890
4170.09 0.0884
4170.15 0.0876
4170.21 0.0868
4170.27 0.0859
4170.33 0.0850
4170.39 0.0842
4170.45 0.0835
4170.51 0.0829
4170.57 0.0824
4170.63 0.0821
4170.69 0.0818
4170.75 0.0816
4170.81 0.0815
4170.87 0.0814
4170.93 0.0814
4170.99 0.0814
4171.05 0.0813
4171.11 0.0813
4171.17 0.0813
4171.24 0.0814
4171.30 0.0815
4171.36 0.0815
4171.42 0.0816
4171.48 0.0817
4171.54 0.0818
4171.60 0.0819
4171.66 0.0819
4171.72 0.0819
4171.78 0.0818
4171.84 0.0818
4171.90 0.0817
4171.96 0.0816
4172.02 0.0815
4172.08 0.0814
4172.14 0.0813
4172.20 0.0813
4172.26 0.0814
4172.32 0.0814
4172.38 0.0815
4172.44 0.0816
4172.50 0.0817
4172.56 0.0817
4172.62 0.0818
4172.68 0.0818
4172.74 0.0817
4172.80 0.0816
4172.86 0.0815
4172.92 0.0814
4172.98 0.0813
4173.04 0.0811
4173.10 0.0810
4173.16 0.0810
4173.22 0.0809
4173.28 0.0809
4173.34 0.0810
4173.40 0.0811
4173.46 0.0813
4173.53 0.0815
4173.59 0.0817
4173.65 0.0820
4173.71 0.0822
4173.77 0.0824
4173.83 0.0825
4173.89 0.0825
4173.95 0.0824
4174.01 0.0822
4174.07 0.0820
4174.13 0.0818
4174.19 0.0816
4174.25 0.0815
4174.31 0.0816
4174.37 0.0819
4174.43 0.0824
4174.49 0.0832
4174.55 0.0842
4174.61 0.0855
4174.67 0.0869
4174.73 0.0883
4174.79 0.0897
4174.85 0.0909
4174.91 0.0919
4174.97 0.0925
4175.03 0.0927
4175.09 0.0925
4175.15 0.0919
4175.21 0.0909
4175.27 0.0897
4175.33 0.0884
4175.39 0.0870
4175.45 0.0857
4175.51 0.0845
4175.57 0.0835
4175.63 0.0828
4175.69 0.0823
4175.75 0.0820
4175.82 0.0819
4175.88 0.0820
4175.94 0.0821
4176.00 0.0822
4176.06 0.0823
4176.12 0.0824
4176.18 0.0824
4176.24 0.0823
4176.30 0.0821
4176.36 0.0819
4176.42 0.0817
4176.48 0.0816
4176.54 0.0815
4176.60 0.0814
4176.66 0.0814
4176.72 0.0815
4176.78 0.0816
4176.84 0.0817
4176.90 0.0819
4176.96 0.0821
4177.02 0.0822
4177.08 0.0823
4177.14 0.0823
4177.20 0.0823
4177.26 0.0822
4177.32 0.0821
4177.38 0.0819
4177.44 0.0817
4177.50 0.0815
4177.56 0.0813
4177.62 0.0812
4177.68 0.0811
4177.74 0.0810
4177.80 0.0810
4177.86 0.0811
4177.92 0.0811
4177.98 0.0813
4178.04 0.0814
4178.11 0.0815
4178.17 0.0816
4178.23 0.0816
4178.29 0.0816
4178.35 0.0815
4178.41 0.0814
4178.47 0.0812
4178.53 0.0811
4178.59 0.0810
4178.65 0.0810
4178.71 0.0810
4178.77 0.0811
4178.83 0.0812
4178.89 0.0814
4178.95 0.0816
4179.01 0.0818
4179.07 0.0819
4179.13 0.0820
4179.19 0.0821
4179.25 0.0822
4179.31 0.0823
4179.37 0.0825
4179.43 0.0829
4179.49 0.0834
4179.55 0.0843
4179.61 0.0854
4179.67 0.0867
4179.73 0.0883
4179.79 0.0900
4179.85 0.0918
4179.91 0.0934
4179.97 0.0949
4180.03 0.0960
4180.09 0.0967
4180.15 0.0969
4180.21 0.0966
4180.27 0.0958
4180.34 0.0946
4180.40 0.0931
4180.46 0.0914
4180.52 0.0896
4180.58 0.0879
4180.64 0.0863
4180.70 0.0850
4180.76 0.0839
4180.82 0.0831
4180.88 0.0825
4180.94 0.0822
4181.00 0.0820
4181.06 0.0820
4181.12 0.0820
4181.18 0.0821
4181.24 0.0821
4181.30 0.0821
4181.36 0.0821
4181.42 0.0820
4181.48 0.0819
4181.54 0.0818
4181.60 0.0816
4181.66 0.0814
4181.72 0.0813
4181.78 0.0811
4181.84 0.0809
4181.90 0.0808
4181.96 0.0807
4182.02 0.0807
4182.08 0.0807
4182.14 0.0807
4182.20 0.0808
4182.26 0.0809
4182.32 0.0810
4182.38 0.0812
4182.44 0.0813
4182.50 0.0815
4182.56 0.0815
4182.63 0.0816
4182.69 0.0815
4182.75 0.0814
4182.81 0.0813
4182.87 0.0812
4182.93 0.0810
4182.99 0.0809
4183.05 0.0807
4183.11 0.0806
4183.17 0.0806
4183.23 0.0806
4183.29 0.0807
4183.35 0.0808
4183.41 0.0810
4183.47 0.0813
4183.53 0.0815
4183.59 0.0818
4183.65 0.0821
4183.71 0.0824
4183.77 0.0827
4183.83 0.0829
4183.89 0.0830
4183.95 0.0831
4184.01 0.0830
4184.07 0.0829
4184.13 0.0827
4184.19 0.0825
4184.25 0.0823
4184.31 0.0823
4184.37 0.0824
4184.43 0.0829
4184.49 0.0836
4184.55 0.0848
4184.61 0.0863
4184.67 0.0882
4184.73 0.0903
4184.79 0.0926
4184.85 0.0948
4184.92 0.0969
4184.98 0.0986
4185.04 0.0998
4185.10 0.1005
4185.16 0.1005
4185.22 0.0998
4185.28 0.0986
4185.34 0.0969
4185.40 0.0949
4185.46 0.0927
4185.52 0.0906
4185.58 0.0885
4185.64 0.0867
4185.70 0.0852
4185.76 0.0840
4185.82 0.0832
4185.88 0.0827
4185.94 0.0824
4186.00 0.0822
4186.06 0.0821
4186.12 0.0821
4186.18 0.0820
4186.24 0.0820
4186.30 0.0818
4186.36 0.0817
4186.42 0.0815
4186.48 0.0813
4186.54 0.0812
4186.60 0.0812
4186.66 0.0812
4186.72 0.0813
4186.78 0.0815
4186.84 0.0817
4186.90 0.0819
4186.96 0.0820
4187.02 0.0822
4187.08 0.0823
4187.15 0.0823
4187.21 0.0822
4187.27 0.0821
4187.33 0.0819
4187.39 0.0818
4187.45 0.0816
4187.51 0.0814
4187.57 0.0813
4187.63 0.0812
4187.69 0.0812
4187.75 0.0812
4187.81 0.0813
4187.87 0.0814
4187.93 0.0816
4187.99 0.0817
4188.05 0.0818
4188.11 0.0819
4188.17 0.0819
4188.23 0.0819
4188.29 0.0818
4188.35 0.0817
4188.41 0.0816
4188.47 0.0815
4188.53 0.0815
4188.59 0.0815
4188.65 0.0816
4188.71 0.0818
4188.77 0.0820
4188.83 0.0823
4188.89 0.0825
4188.95 0.0827
4189.01 0.0828
4189.07 0.0828
4189.13 0.0828
4189.19 0.0827
4189.25 0.0827
4189.31 0.0829
4189.37 0.0834
4189.44 0.0841
4189.50 0.0853
4189.56 0.0870
4189.62 0.0891
4189.68 0.0915
4189.74 0.0942
4189.80 0.0970
4189.86 0.0997
4189.92 0.1021
4189.98 0.1040
4190.04 0.1052
4190.10 0.1057
4190.16 0.1053
4190.22 0.1041
4190.28 0.1022
4190.34 0.0998
4190.40 0.0971
4190.46 0.0942
4190.52 0.0914
4190.58 0.0888
4190.64 0.0865
4190.70 0.0847
4190.76 0.0833
4190.82 0.0824
4190.88 0.0818
4190.94 0.0816
4191.00 0.0816
4191.06 0.0817
4191.12 0.0819
4191.18 0.0820
4191.24 0.0821
4191.30 0.0821
4191.36 0.0821
4191.42 0.0820
4191.48 0.0818
4191.54 0.0816
4191.60 0.0814
4191.66 0.0813
4191.73 0.0812
4191.79 0.0811
4191.85 0.0811
4191.91 0.0811
4191.97 0.0812
4192.03 0.0813
4192.09 0.0814
4192.15 0.0815
4192.21 0.0816
4192.27 0.0817
4192.33 0.0818
4192.39 0.0818
4192.45 0.0818
4192.51 0.0818
4192.57 0.0818
4192.63 0.0817
4192.69 0.0817
4192.75 0.0816
4192.81 0.0815
4192.87 0.0814
4192.93 0.0813
4192.99 0.0812
4193.05 0.0812
4193.11 0.0812
4193.17 0.0812
4193.23 0.0813
4193.29 0.0815
4193.35 0.0818
4193.41 0.0821
4193.47 0.0825
4193.53 0.0829
4193.59 0.0832
4193.65 0.0835
4193.71 0.0837
4193.77 0.0838
4193.83 0.0837
4193.89 0.0834
4193.95 0.0831
4194.02 0.0827
4194.08 0.0824
4194.14 0.0823
4194.20 0.0825
4194.26 0.0832
4194.32 0.0843
4194.38 0.0861
4194.44 0.0884
4194.50 0.0912
4194.56 0.0945
4194.62 0.0979
4194.68 0.1014
4194.74 0.1046
4194.80 0.1072
4194.86 0.1092
4194.92 0.1102
4194.98 0.1103
4195.04 0.1093
4195.10 0.1075
4195.16 0.1049
4195.22 0.1017
4195.28 0.0983
4195.34 0.0949
4195.40 0.0916
4195.46 0.0887
4195.52 0.0863
4195.58 0.0845
4195.64 0.0832
4195.70 0.0824
4195.76 0.0821
4195.82 0.0820
4195.88 0.0821
4195.94 0.0822
4196.00 0.0824
4196.06 0.0825
4196.12 0.0825
4196.18 0.0823
4196.25 0.0822
4196.31 0.0820
4196.37 0.0818
4196.43 0.0817
4196.49 0.0817
4196.55 0.0818
4196.61 0.0820
4196.67 0.0822
4196.73 0.0824
4196.79 0.0826
4196.85 0.0828
4196.91 0.0829
4196.97 0.0828
4197.03 0.0827
4197.09 0.0824
4197.15 0.0821
4197.21 0.0818
4197.27 0.0815
4197.33 0.0813
4197.39 0.0812
4197.45 0.0811
4197.51 0.0812
4197.57 0.0814
4197.63 0.0816
4197.69 0.0818
4197.75 0.0819
4197.81 0.0821
4197.87 0.0821
4197.93 0.0821
4197.99 0.0821
4198.05 0.0820
4198.11 0.0819
4198.17 0.0818
4198.23 0.0817
4198.29 0.0818
4198.35 0.0819
4198.41 0.0820
4198.47 0.0822
4198.54 0.0823
4198.60 0.0824
4198.66 0.0825
4198.72 0.0825
4198.78 0.0824
4198.84 0.0823
4198.90 0.0824
4198.96 0.0827
4199.02 0.0833
4199.08 0.0844
4199.14 0.0859
4199.20 0.0881
4199.26 0.0909
4199.32 0.0942
4199.38 0.0980
4199.44 0.1019
4199.50 0.1058
4199.56 0.1094
4199.62 0.1124
4199.68 0.1146
4199.74 0.1158
4199.80 0.1159
4199.86 0.1148
4199.92 0.1127
4199.98 0.1097
4200.04 0.1061
4200.10 0.1021
4200.16 0.0981
4200.22 0.0943
4200.28 0.0908
4200.34 0.0879
4200.40 0.0855
4200.46 0.0838
4200.52 0.0827
4200.58 0.0820
4200.64 0.0817
4200.70 0.0817
4200.76 0.0818
4200.83 0.0819
4200.89 0.0820
4200.95 0.0820
4201.01 0.0820
4201.07 0.0819
4201.13 0.0818
4201.19 0.0816
4201.25 0.0816
4201.31 0.0815
4201.37 0.0815
4201.43 0.0816
4201.49 0.0817
4201.55 0.0818
4201.61 0.0818
4201.67 0.0818
4201.73 0.0817
4201.79 0.0816
4201.85 0.0814
4201.91 0.0813
4201.97 0.0811
4202.03 0.0811
4202.09 0.0812
4202.15 0.0813
4202.21 0.0816
4202.27 0.0820
4202.33 0.0823
4202.39 0.0827
4202.45 0.0830
4202.51 0.0833
4202.57 0.0833
4202.63 0.0833
4202.69 0.0832
4202.75 0.0829
4202.81 0.0827
4202.87 0.0825
4202.93 0.0823
4202.99 0.0822
4203.05 0.0823
4203.12 0.0825
4203.18 0.0827
4203.24 0.0830
4203.30 0.0832
4203.36 0.0834
4203.42 0.0834
4203.48 0.0833
4203.54 0.0831
4203.60 0.0830
4203.66 0.0829
4203.72 0.0831
4203.78 0.0837
4203.84 0.0849
4203.90 0.0867
4203.96 0.0893
4204.02 0.0925
4204.08 0.0964
4204.14 0.1007
4204.20 0.1053
4204.26 0.1098
4204.32 0.1139
4204.38 0.1173
4204.44 0.1196
4204.50 0.1207
4204.56 0.1204
4204.62 0.1187
4204.68 0.1159
4204.74 0.1121
4204.80 0.1077
4204.86 0.1029
4204.92 0.0983
4204.98 0.0940
4205.04 0.0903
4205.10 0.0873
4205.16 0.0851
4205.22 0.0837
4205.28 0.0830
4205.35 0.0828
4205.41 0.0830
4205.47 0.0834
4205.53 0.0838
4205.59 0.0842
4205.65 0.0844
4205.71 0.0844
4205.77 0.0842
4205.83 0.0838
4205.89 0.0833
4205.95 0.0829
4206.01 0.0824
4206.07 0.0821
4206.13 0.0819
4206.19 0.0817
4206.25 0.0817
4206.31 0.0818
4206.37 0.0819
4206.43 0.0820
4206.49 0.0820
4206.55 0.0820
4206.61 0.0820
4206.67 0.0820
4206.73 0.0819
4206.79 0.0819
4206.85 0.0819
4206.91 0.0819
4206.97 0.0820
4207.03 0.0820
4207.09 0.0820
4207.15 0.0821
4207.21 0.0820
4207.27 0.0819
4207.33 0.0818
4207.39 0.0816
4207.45 0.0814
4207.51 0.0813
4207.57 0.0813
4207.64 0.0815
4207.70 0.0817
4207.76 0.0821
4207.82 0.0825
4207.88 0.0830
4207.94 0.0834
4208.00 0.0837
4208.06 0.0839
4208.12 0.0839
4208.18 0.0838
4208.24 0.0837
4208.30 0.0836
4208.36 0.0837
4208.42 0.0841
4208.48 0.0852
4208.54 0.0869
4208.60 0.0895
4208.66 0.0928
4208.72 0.0969
4208.78 0.1016
4208.84 0.1067
4208.90 0.1118
4208.96 0.1167
4209.02 0.1208
4209.08 0.1239
4209.14 0.1257
4209.20 0.1260
4209.26 0.1248
4209.32 0.1221
4209.38 0.1183
4209.44 0.1136
4209.50 0.1084
4209.56 0.1031
4209.62 0.0981
4209.68 0.0937
4209.74 0.0899
4209.80 0.0871
4209.86 0.0850
4209.93 0.0837
4209.99 0.0831
4210.05 0.0829
4210.11 0.0831
4210.17 0.0833
4210.23 0.0835
4210.29 0.0835
4210.35 0.0834
4210.41 0.0831
4210.47 0.0827
4210.53 0.0822
4210.59 0.0818
4210.65 0.0815
4210.71 0.0813
4210.77 0.0813
4210.83 0.0815
4210.89 0.0818
4210.95 0.0821
4211.01 0.0825
4211.07 0.0828
4211.13 0.0830
4211.19 0.0830
4211.25 0.0830
4211.31 0.0828
4211.37 0.0826
4211.43 0.0823
4211.49 0.0821
4211.55 0.0818
4211.61 0.0817
4211.67 0.0816
4211.73 0.0816
4211.79 0.0817
4211.85 0.0817
4211.91 0.0818
4211.97 0.0818
4212.03 0.0819
4212.09 0.0819
4212.15 0.0820
4212.22 0.0821
4212.28 0.0823
4212.34 0.0825
4212.40 0.0828
4212.46 0.0830
4212.52 0.0832
4212.58 0.0834
4212.64 0.0834
4212.70 0.0833
4212.76 0.0831
4212.82 0.0828
4212.88 0.0826
4212.94 0.0827
4213.00 0.0832
4213.06 0.0842
4213.12 0.0860
4213.18 0.0886
4213.24 0.0922
4213.30 0.0966
4213.36 0.1017
4213.42 0.1073
4213.48 0.1132
4213.54 0.1188
4213.60 0.1238
4213.66 0.1278
4213.72 0.1304
4213.78 0.1313
4213.84 0.1306
4213.90 0.1282
4213.96 0.1244
4214.02 0.1195
4214.08 0.1139
4214.14 0.1081
4214.20 0.1024
4214.26 0.0972
4214.32 0.0927
4214.38 0.0891
4214.45 0.0864
4214.51 0.0845
4214.57 0.0834
4214.63 0.0829
4214.69 0.0828
4214.75 0.0829
4214.81 0.0831
4214.87 0.0832
4214.93 0.0831
4214.99 0.0830
4215.05 0.0827
4215.11 0.0824
4215.17 0.0821
4215.23 0.0819
4215.29 0.0818
4215.35 0.0818
4215.41 0.0819
4215.47 0.0821
4215.53 0.0824
4215.59 0.0826
4215.65 0.0827
4215.71 0.0828
4215.77 0.0827
4215.83 0.0826
4215.89 0.0824
4215.95 0.0823
4216.01 0.0821
4216.07 0.0821
4216.13 0.0821
4216.19 0.0822
4216.25 0.0823
4216.31 0.0825
4216.37 0.0827
4216.43 0.0829
4216.49 0.0830
4216.55 0.0831
4216.61 0.0830
4216.67 0.0830
4216.74 0.0829
4216.80 0.0829
4216.86 0.0829
4216.92 0.0830
4216.98 0.0831
4217.04 0.0833
4217.10 0.0834
4217.16 0.0834
4217.22 0.0834
4217.28 0.0832
4217.34 0.0831
4217.40 0.0829
4217.46 0.0829
4217.52 0.0833
4217.58 0.0842
4217.64 0.0858
4217.70 0.0883
4217.76 0.0917
4217.82 0.0960
4217.88 0.1011
4217.94 0.1069
4218.00 0.1130
4218.06 0.1191
4218.12 0.1246
4218.18 0.1292
4218.24 0.1324
4218.30 0.1340
4218.36 0.1338
4218.42 0.1318
4218.48 0.1283
4218.54 0.1235
4218.60 0.1178
4218.66 0.1118
4218.72 0.1058
4218.78 0.1002
4218.84 0.0954
4218.90 0.0914
4218.96 0.0883
4219.03 0.0862
4219.09 0.0848
4219.15 0.0841
4219.21 0.0839
4219.27 0.0839
4219.33 0.0840
4219.39 0.0841
4219.45 0.0840
4219.51 0.0839
4219.57 0.0836
4219.63 0.0833
4219.69 0.0830
4219.75 0.0827
4219.81 0.0825
4219.87 0.0824
4219.93 0.0824
4219.99 0.0825
4220.05 0.0825
4220.11 0.0826
4220.17 0.0825
4220.23 0.0824
4220.29 0.0822
4220.35 0.0820
4220.41 0.0817
4220.47 0.0814
4220.53 0.0812
4220.59 0.0811
4220.65 0.0810
4220.71 0.0811
4220.77 0.0812
4220.83 0.0813
4220.89 0.0815
4220.95 0.0816
4221.01 0.0818
4221.07 0.0819
4221.13 0.0820
4221.19 0.0821
4221.25 0.0822
4221.32 0.0824
4221.38 0.0826
4221.44 0.0829
4221.50 0.0832
4221.56 0.0834
4221.62 0.0836
4221.68 0.0837
4221.74 0.0836
4221.80 0.0835
4221.86 0.0834
4221.92 0.0835
4221.98 0.0839
4222.04 0.0848
4222.10 0.0864
4222.16 0.0889
4222.22 0.0924
4222.28 0.0968
4222.34 0.1021
4222.40 0.1082
4222.46 0.1147
4222.52 0.1212
4222.58 0.1272
4222.64 0.1323
4222.70 0.1361
4222.76 0.1381
4222.82 0.1382
4222.88 0.1364
4222.94 0.1328
4223.00 0.1278
4223.06 0.1219
4223.12 0.1154
4223.18 0.1089
4223.24 0.1028
4223.30 0.0973
4223.36 0.0928
4223.42 0.0893
4223.48 0.0867
4223.55 0.0850
4223.61 0.0840
4223.67 0.0835
4223.73 0.0833
4223.79 0.0833
4223.85 0.0833
4223.91 0.0833
4223.97 0.0831
4224.03 0.0829
4224.09 0.0826
4224.15 0.0823
4224.21 0.0820
4224.27 0.0819
4224.33 0.0818
4224.39 0.0818
4224.45 0.0819
4224.51 0.0820
4224.57 0.0820
4224.63 0.0820
4224.69 0.0820
4224.75 0.0819
4224.81 0.0817
4224.87 0.0816
4224.93 0.0814
4224.99 0.0813
4225.05 0.0814
4225.11 0.0814
4225.17 0.0816
4225.23 0.0818
4225.29 0.0820
4225.35 0.0822
4225.41 0.0823
4225.47 0.0825
4225.53 0.0826
4225.59 0.0826
4225.65 0.0827
4225.71 0.0829
4225.77 0.0830
4225.84 0.0833
4225.90 0.0835
4225.96 0.0837
4226.02 0.0839
4226.08 0.0840
4226.14 0.0840
4226.20 0.0840
4226.26 0.0840
4226.32 0.0841
4226.38 0.0846
4226.44 0.0856
4226.50 0.0873
4226.56 0.0899
4226.62 0.0934
4226.68 0.0979
4226.74 0.1034
4226.80 0.1096
4226.86 0.1162
4226.92 0.1228
4226.98 0.1290
4227.04 0.1342
4227.10 0.1380
4227.16 0.1400
4227.22 0.1401
4227.28 0.1381
4227.34 0.1343
4227.40 0.1291
4227.46 0.1229
4227.52 0.1161
4227.58 0.1093
4227.64 0.1030
4227.70 0.0973
4227.76 0.0926
4227.82 0.0890
4227.88 0.0863
4227.94 0.0846
4228.00 0.0836
4228.06 0.0832
4228.13 0.0831
4228.19 0.0832
4228.25 0.0834
4228.31 0.0834
4228.37 0.0834
4228.43 0.0833
4228.49 0.0831
4228.55 0.0829
4228.61 0.0827
4228.67 0.0826
4228.73 0.0825
4228.79 0.0825
4228.85 0.0826
4228.91 0.0826
4228.97 0.0827
4229.03 0.0827
4229.09 0.0826
4229.15 0.0825
4229.21 0.0824
4229.27 0.0823
4229.33 0.0822
4229.39 0.0822
4229.45 0.0822
4229.51 0.0822
4229.57 0.0823
4229.63 0.0825
4229.69 0.0826
4229.75 0.0827
4229.81 0.0829
4229.87 0.0830
4229.93 0.0831
4229.99 0.0833
4230.05 0.0835
4230.11 0.0837
4230.17 0.0839
4230.23 0.0840
4230.29 0.0842
4230.35 0.0842
4230.42 0.0842
4230.48 0.0841
4230.54 0.0839
4230.60 0.0838
4230.66 0.0840
4230.72 0.0845
4230.78 0.0856
4230.84 0.0874
4230.90 0.0902
4230.96 0.0940
4231.02 0.0988
4231.08 0.1046
4231.14 0.1110
4231.20 0.1178
4231.26 0.1246
4231.32 0.1308
4231.38 0.1360
4231.44 0.1396
4231.50 0.1414
4231.56 0.1412
4231.62 0.1389
4231.68 0.1348
4231.74 0.1293
4231.80 0.1229
4231.86 0.1160
4231.92 0.1091
4231.98 0.1028
4232.04 0.0972
4232.10 0.0925
4232.16 0.0889
4232.22 0.0864
4232.28 0.0847
4232.34 0.0837
4232.40 0.0833
4232.46 0.0832
4232.52 0.0832
4232.58 0.0833
4232.65 0.0833
4232.71 0.0832
4232.77 0.0830
4232.83 0.0828
4232.89 0.0825
4232.95 0.0823
4233.01 0.0822
4233.07 0.0821
4233.13 0.0821
4233.19 0.0822
4233.25 0.0823
4233.31 0.0824
4233.37 0.0824
4233.43 0.0824
4233.49 0.0824
4233.55 0.0823
4233.61 0.0822
4233.67 0.0821
4233.73 0.0820
4233.79 0.0819
4233.85 0.0818
4233.91 0.0818
4233.97 0.0819
4234.03 0.0820
4234.09 0.0821
4234.15 0.0823
4234.21 0.0825
4234.27 0.0828
4234.33 0.0832
4234.39 0.0835
4234.45 0.0839
4234.51 0.0842
4234.57 0.0844
4234.63 0.0845
4234.69 0.0844
4234.75 0.0842
4234.81 0.0840
4234.87 0.0839
4234.94 0.0840
4235.00 0.0845
4235.06 0.0857
4235.12 0.0877
4235.18 0.0907
4235.24 0.0948
4235.30 0.0999
4235.36 0.1059
4235.42 0.1125
4235.48 0.1195
4235.54 0.1262
4235.60 0.1323
4235.66 0.1371
4235.72 0.1403
4235.78 0.1415
4235.84 0.1407
4235.90 0.1378
4235.96 0.1333
4236.02 0.1274
4236.08 0.1207
4236.14 0.1138
4236.20 0.1071
4236.26 0.1009
4236.32 0.0956
4236.38 0.0914
4236.44 0.0882
4236.50 0.0860
4236.56 0.0847
4236.62 0.0840
4236.68 0.0838
4236.74 0.0838
4236.80 0.0839
4236.86 0.0840
4236.92 0.0840
4236.98 0.0838
4237.04 0.0835
4237.10 0.0832
4237.16 0.0828
4237.23 0.0825
4237.29 0.0822
4237.35 0.0821
4237.41 0.0820
4237.47 0.0821
4237.53 0.0822
4237.59 0.0823
4237.65 0.0824
4237.71 0.0825
4237.77 0.0826
4237.83 0.0826
4237.89 0.0825
4237.95 0.0824
4238.01 0.0823
4238.07 0.0821
4238.13 0.0819
4238.19 0.0818
4238.25 0.0817
4238.31 0.0817
4238.37 0.0818
4238.43 0.0820
4238.49 0.0823
4238.55 0.0828
4238.61 0.0833
4238.67 0.0838
4238.73 0.0842
4238.79 0.0845
4238.85 0.0847
4238.91 0.0847
4238.97 0.0846
4239.03 0.0844
4239.09 0.0843
4239.15 0.0844
4239.21 0.0851
4239.27 0.0864
4239.33 0.0887
4239.39 0.0919
4239.46 0.0962
4239.52 0.1015
4239.58 0.1076
4239.64 0.1142
4239.70 0.1210
4239.76 0.1273
4239.82 0.1328
4239.88 0.1370
4239.94 0.1394
4240.00 0.1398
4240.06 0.1381
4240.12 0.1347
4240.18 0.1296
4240.24 0.1235
4240.30 0.1168
4240.36 0.1100
4240.42 0.1035
4240.48 0.0978
4240.54 0.0930
4240.60 0.0893
4240.66 0.0866
4240.72 0.0849
4240.78 0.0839
4240.84 0.0836
4240.90 0.0836
4240.96 0.0838
4241.02 0.0840
4241.08 0.0841
4241.14 0.0841
4241.20 0.0838
4241.26 0.0834
4241.32 0.0829
4241.38 0.0823
4241.44 0.0819
4241.50 0.0815
4241.56 0.0813
4241.62 0.0812
4241.68 0.0814
4241.75 0.0816
4241.81 0.0819
4241.87 0.0823
4241.93 0.0826
4241.99 0.0829
4242.05 0.0831
4242.11 0.0832
4242.17 0.0831
4242.23 0.0830
4242.29 0.0828
4242.35 0.0826
4242.41 0.0823
4242.47 0.0822
4242.53 0.0821
4242.59 0.0822
4242.65 0.0823
4242.71 0.0826
4242.77 0.0830
4242.83 0.0834
4242.89 0.0837
4242.95 0.0840
4243.01 0.0842
4243.07 0.0842
4243.13 0.0842
4243.19 0.0842
4243.25 0.0844
4243.31 0.0849
4243.37 0.0859
4243.43 0.0876
4243.49 0.0902
4243.55 0.0937
4243.61 0.0981
4243.67 0.1033
4243.73 0.1091
4243.79 0.1152
4243.85 0.1211
4243.91 0.1265
4243.97 0.1310
4244.04 0.1340
4244.10 0.1353
4244.16 0.1348
4244.22 0.1326
4244.28 0.1287
4244.34 0.1236
4244.40 0.1177
4244.46 0.1114
4244.52 0.1052
4244.58 0.0994
4244.64 0.0944
4244.70 0.0903
4244.76 0.0871
4244.82 0.0849
4244.88 0.0836
4244.94 0.0830
4245.00 0.0829
4245.06 0.0831
4245.12 0.0835
4245.18 0.0838
4245.24 0.0841
4245.30 0.0841
4245.36 0.0840
4245.42 0.0837
4245.48 0.0834
4245.54 0.0830
4245.60 0.0826
4245.66 0.0823
4245.72 0.0821
4245.78 0.0820
4245.84 0.0820
4245.90 0.0820
4245.96 0.0821
4246.02 0.0822
4246.08 0.0823
4246.14 0.0824
4246.20 0.0824
4246.26 0.0824
4246.33 0.0824
4246.39 0.0823
4246.45 0.0823
4246.51 0.0823
4246.57 0.0824
4246.63 0.0825
4246.69 0.0827
4246.75 0.0829
4246.81 0.0832
4246.87 0.0834
4246.93 0.0835
4246.99 0.0836
4247.05 0.0835
4247.11 0.0834
4247.17 0.0832
4247.23 0.0831
4247.29 0.0832
4247.35 0.0837
4247.41 0.0846
4247.47 0.0862
4247.53 0.0885
4247.59 0.0916
4247.65 0.0955
4247.71 0.1001
4247.77 0.1052
4247.83 0.1105
4247.89 0.1157
4247.95 0.1204
4248.01 0.1243
4248.07 0.1271
4248.13 0.1284
4248.19 0.1283
4248.25 0.1266
4248.31 0.1235
4248.37 0.1193
4248.43 0.1144
4248.49 0.1091
4248.56 0.1038
4248.62 0.0987
4248.68 0.0943
4248.74 0.0905
4248.80 0.0876
4248.86 0.0854
4248.92 0.0840
4248.98 0.0832
4249.04 0.0829
4249.10 0.0828
4249.16 0.0829
4249.22 0.0831
4249.28 0.0832
4249.34 0.0831
4249.40 0.0830
4249.46 0.0829
4249.52 0.0827
4249.58 0.0825
4249.64 0.0823
4249.70 0.0823
4249.76 0.0823
4249.82 0.0824
4249.88 0.0825
4249.94 0.0826
4250.00 0.0827
4250.06 0.0827
4250.12 0.0826
4250.18 0.0825
4250.24 0.0822
4250.30 0.0820
4250.36 0.0817
4250.42 0.0816
4250.48 0.0815
4250.54 0.0815
4250.60 0.0817
4250.66 0.0820
4250.72 0.0824
4250.78 0.0829
4250.85 0.0833
4250.91 0.0836
4250.97 0.0838
4251.03 0.0839
4251.09 0.0838
4251.15 0.0836
4251.21 0.0834
4251.27 0.0833
4251.33 0.0834
4251.39 0.0838
4251.45 0.0848
4251.51 0.0863
4251.57 0.0885
4251.63 0.0914
4251.69 0.0949
4251.75 0.0988
4251.81 0.1030
4251.87 0.1072
4251.93 0.1110
4251.99 0.1142
4252.05 0.1166
4252.11 0.1178
4252.17 0.1178
4252.23 0.1165
4252.29 0.1142
4252.35 0.1109
4252.41 0.1069
4252.47 0.1026
4252.53 0.0983
4252.59 0.0943
4252.65 0.0907
4252.71 0.0878
4252.77 0.0855
4252.83 0.0840
4252.89 0.0831
4252.95 0.0827
4253.01 0.0827
4253.07 0.0829
4253.14 0.0832
4253.20 0.0834
4253.26 0.0834
4253.32 0.0833
4253.38 0.0831
4253.44 0.0827
4253.50 0.0823
4253.56 0.0819
4253.62 0.0816
4253.68 0.0814
4253.74 0.0813
4253.80 0.0814
4253.86 0.0816
4253.92 0.0818
4253.98 0.0821
4254.04 0.0823
4254.10 0.0824
4254.16 0.0825
4254.22 0.0825
4254.28 0.0824
4254.34 0.0823
4254.40 0.0821
4254.46 0.0820
4254.52 0.0819
4254.58 0.0819
4254.64 0.0820
4254.70 0.0821
4254.76 0.0823
4254.82 0.0824
4254.88 0.0826
4254.94 0.0826
4255.00 0.0827
4255.06 0.0826
4255.12 0.0826
4255.18 0.0826
4255.24 0.0828
4255.30 0.0831
4255.36 0.0837
4255.43 0.0847
4255.49 0.0860
4255.55 0.0876
4255.61 0.0896
4255.67 0.0918
4255.73 0.0941
4255.79 0.0964
4255.85 0.0986
4255.91 0.1004
4255.97 0.1017
4256.03 0.1025
4256.09 0.1026
4256.15 0.1020
4256.21 0.1008
4256.27 0.0991
4256.33 0.0969
4256.39 0.0946
4256.45 0.0921
4256.51 0.0898
4256.57 0.0876
4256.63 0.0858
4256.69 0.0843
4256.75 0.0832
4256.81 0.0824
4256.87 0.0820
4256.93 0.0817
4256.99 0.0817
4257.05 0.0818
4257.11 0.0819
4257.17 0.0820
4257.23 0.0820
4257.29 0.0821
4257.35 0.0820
4257.41 0.0820
4257.47 0.0820
4257.53 0.0819
4257.59 0.0819
4257.66 0.0818
4257.72 0.0818
4257.78 0.0817
4257.84 0.0817
4257.90 0.0816
4257.96 0.0816
4258.02 0.0815
4258.08 0.0814
4258.14 0.0813
4258.20 0.0813
4258.26 0.0813
4258.32 0.0814
4258.38 0.0814
4258.44 0.0816
4258.50 0.0817
4258.56 0.0818
4258.62 0.0819
4258.68 0.0819
4258.74 0.0819
4258.80 0.0819
4258.86 0.0818
4258.92 0.0817
4258.98 0.0815
4259.04 0.0814
4259.10 0.0813
4259.16 0.0812
4259.22 0.0812
4259.28 0.0812
4259.34 0.0812
4259.40 0.0813
4259.46 0.0814
4259.52 0.0815
4259.58 0.0816
4259.64 0.0817
4259.70 0.0817
4259.76 0.0816
4259.82 0.0816
4259.88 0.0815
4259.95 0.0814
4260.01 0.0812
4260.07 0.0811
4260.13 0.0810
4260.19 0.0810
4260.25 0.0809
4260.31 0.0809
4260.37 0.0809
4260.43 0.0810
4260.49 0.0811
4260.55 0.0812
4260.61 0.0814
4260.67 0.0815
4260.73 0.0817
4260.79 0.0818
4260.85 0.0819
4260.91 0.0820
4260.97 0.0820
4261.03 0.0820
4261.09 0.0819
4261.15 0.0818
4261.21 0.0817
4261.27 0.0816
4261.33 0.0815
4261.39 0.0814
4261.45 0.0814
4261.51 0.0814
4261.57 0.0815
4261.63 0.0815
4261.69 0.0816
4261.75 0.0818
4261.81 0.0818
4261.87 0.0819
4261.93 0.0820
4261.99 0.0820
4262.05 0.0820
4262.11 0.0820
4262.17 0.0821
4262.24 0.0821
4262.30 0.0821
4262.36 0.0822
4262.42 0.0823
4262.48 0.0823
4262.54 0.0824
4262.60 0.0824
4262.66 0.0824
4262.72 0.0825
4262.78 0.0826
4262.84 0.0828
4262.90 0.0831
4262.96 0.0838
4263.02 0.0847
4263.08 0.0859
4263.14 0.0875
4263.20 0.0894
4263.26 0.0916
4263.32 0.0939
4263.38 0.0963
4263.44 0.0986
4263.50 0.1006
4263.56 0.1022
4263.62 0.1032
4263.68 0.1035
4263.74 0.1031
4263.80 0.1021
4263.86 0.1004
4263.92 0.0984
4263.98 0.0960
4264.04 0.0935
4264.10 0.0910
4264.16 0.0887
4264.22 0.0867
4264.28 0.0851
4264.34 0.0838
4264.40 0.0830
4264.46 0.0824
4264.53 0.0821
4264.59 0.0820
4264.65 0.0819
4264.71 0.0820
4264.77 0.0820
4264.83 0.0820
4264.89 0.0820
4264.95 0.0820
4265.01 0.0821
4265.07 0.0821
4265.13 0.0822
4265.19 0.0824
4265.25 0.0825
4265.31 0.0827
4265.37 0.0828
4265.43 0.0829
4265.49 0.0829
4265.55 0.0828
4265.61 0.0827
4265.67 0.0826
4265.73 0.0825
4265.79 0.0824
4265.85 0.0824
4265.91 0.0825
4265.97 0.0827
4266.03 0.0830
4266.09 0.0834
4266.15 0.0838
4266.21 0.0841
4266.27 0.0843
4266.33 0.0844
4266.39 0.0844
4266.45 0.0843
4266.51 0.0843
4266.57 0.0845
4266.63 0.0850
4266.69 0.0860
4266.76 0.0876
4266.82 0.0899
4266.88 0.0928
4266.94 0.0965
4267.00 0.1006
4267.06 0.1050
4267.12 0.1094
4267.18 0.1135
4267.24 0.1169
4267.30 0.1193
4267.36 0.1206
4267.42 0.1205
4267.48 0.1191
4267.54 0.1165
4267.60 0.1129
4267.66 0.1086
4267.72 0.1040
4267.78 0.0994
4267.84 0.0951
4267.90 0.0913
4267.96 0.0881
4268.02 0.0857
4268.08 0.0841
4268.14 0.0831
4268.20 0.0827
4268.26 0.0826
4268.32 0.0828
4268.38 0.0831
4268.44 0.0834
4268.50 0.0835
4268.56 0.0836
4268.62 0.0836
4268.68 0.0835
4268.74 0.0833
4268.80 0.0831
4268.86 0.0830
4268.92 0.0829
4268.98 0.0829
4269.05 0.0829
4269.11 0.0829
4269.17 0.0830
4269.23 0.0830
4269.29 0.0831
4269.35 0.0831
4269.41 0.0832
4269.47 0.0833
4269.53 0.0835
4269.59 0.0838
4269.65 0.0841
4269.71 0.0844
4269.77 0.0847
4269.83 0.0849
4269.89 0.0850
4269.95 0.0850
4270.01 0.0849
4270.07 0.0847
4270.13 0.0846
4270.19 0.0848
4270.25 0.0853
4270.31 0.0865
4270.37 0.0884
4270.43 0.0913
4270.49 0.0950
4270.55 0.0996
4270.61 0.1049
4270.67 0.1106
4270.73 0.1165
4270.79 0.1220
4270.85 0.1267
4270.91 0.1303
4270.97 0.1323
4271.03 0.1326
4271.09 0.1312
4271.15 0.1282
4271.21 0.1238
4271.27 0.1185
4271.34 0.1128
4271.40 0.1070
4271.46 0.1015
4271.52 0.0966
4271.58 0.0926
4271.64 0.0895
4271.70 0.0873
4271.76 0.0858
4271.82 0.0851
4271.88 0.0847
4271.94 0.0847
4272.00 0.0848
4272.06 0.0848
4272.12 0.0848
4272.18 0.0846
4272.24 0.0843
4272.30 0.0840
4272.36 0.0837
4272.42 0.0834
4272.48 0.0832
4272.54 0.0831
4272.60 0.0831
4272.66 0.0832
4272.72 0.0834
4272.78 0.0835
4272.84 0.0836
4272.90 0.0837
4272.96 0.0838
4273.02 0.0839
4273.08 0.0839
4273.14 0.0841
4273.20 0.0842
4273.26 0.0844
4273.32 0.0846
4273.38 0.0847
4273.44 0.0848
4273.50 0.0848
4273.56 0.0847
4273.63 0.0847
4273.69 0.0847
4273.75 0.0851
4273.81 0.0858
4273.87 0.0872
4273.93 0.0895
4273.99 0.0927
4274.05 0.0969
4274.11 0.1021
4274.17 0.1081
4274.23 0.1147
4274.29 0.1214
4274.35 0.1279
4274.41 0.1335
4274.47 0.1378
4274.53 0.1405
4274.59 0.1412
4274.65 0.1399
4274.71 0.1367
4274.77 0.1319
4274.83 0.1260
4274.89 0.1194
4274.95 0.1127
4275.01 0.1063
4275.07 0.1005
4275.13 0.0956
4275.19 0.0917
4275.25 0.0888
4275.31 0.0869
4275.37 0.0857
4275.43 0.0851
4275.49 0.0849
4275.55 0.0849
4275.61 0.0850
4275.67 0.0851
4275.73 0.0850
4275.79 0.0849
4275.86 0.0848
4275.92 0.0846
4275.98 0.0844
4276.04 0.0842
4276.10 0.0842
4276.16 0.0841
4276.22 0.0841
4276.28 0.0841
4276.34 0.0841
4276.40 0.0841
4276.46 0.0841
4276.52 0.0840
4276.58 0.0841
4276.64 0.0841
4276.70 0.0842
4276.76 0.0844
4276.82 0.0846
4276.88 0.0847
4276.94 0.0849
4277.00 0.0849
4277.06 0.0850
4277.12 0.0851
4277.18 0.0853
4277.24 0.0857
4277.30 0.0867
4277.36 0.0883
4277.42 0.0908
4277.48 0.0943
4277.54 0.0989
4277.60 0.1045
4277.66 0.1110
4277.72 0.1181
4277.78 0.1254
4277.84 0.1323
4277.90 0.1384
4277.96 0.1432
4278.02 0.1461
4278.08 0.1469
4278.15 0.1455
4278.21 0.1420
4278.27 0.1369
4278.33 0.1304
4278.39 0.1232
4278.45 0.1159
4278.51 0.1088
4278.57 0.1024
4278.63 0.0970
4278.69 0.0927
4278.75 0.0895
4278.81 0.0873
4278.87 0.0859
4278.93 0.0853
4278.99 0.0850
4279.05 0.0851
4279.11 0.0852
4279.17 0.0854
4279.23 0.0855
4279.29 0.0854
4279.35 0.0853
4279.41 0.0852
4279.47 0.0850
4279.53 0.0848
4279.59 0.0846
4279.65 0.0844
4279.71 0.0843
4279.77 0.0842
4279.83 0.0842
4279.89 0.0842
4279.95 0.0843
4280.01 0.0844
4280.07 0.0847
4280.13 0.0850
4280.19 0.0853
4280.25 0.0856
4280.31 0.0859
4280.37 0.0861
4280.44 0.0862
4280.50 0.0862
4280.56 0.0863
4280.62 0.0865
4280.68 0.0870
4280.74 0.0880
4280.80 0.0898
4280.86 0.0925
4280.92 0.0963
4280.98 0.1012
4281.04 0.1072
4281.10 0.1141
4281.16 0.1215
4281.22 0.1291
4281.28 0.1362
4281.34 0.1423
4281.40 0.1469
4281.46 0.1495
4281.52 0.1498
4281.58 0.1478
4281.64 0.1438
4281.70 0.1379
4281.76 0.1309
4281.82 0.1232
4281.88 0.1154
4281.94 0.1081
4282.00 0.1015
4282.06 0.0960
4282.12 0.0917
4282.18 0.0885
4282.24 0.0864
4282.30 0.0852
4282.36 0.0847
4282.42 0.0847
4282.48 0.0849
4282.54 0.0853
4282.60 0.0856
4282.66 0.0859
4282.73 0.0860
4282.79 0.0859
4282.85 0.0857
4282.91 0.0854
4282.97 0.0850
4283.03 0.0847
4283.09 0.0844
4283.15 0.0842
4283.21 0.0840
4283.27 0.0841
4283.33 0.0842
4283.39 0.0845
4283.45 0.0849
4283.51 0.0854
4283.57 0.0859
4283.63 0.0863
4283.69 0.0866
4283.75 0.0868
4283.81 0.0868
4283.87 0.0868
4283.93 0.0868
4283.99 0.0871
4284.05 0.0878
4284.11 0.0891
4284.17 0.0913
4284.23 0.0945
4284.29 0.0989
4284.35 0.1044
4284.41 0.1109
4284.47 0.1182
4284.53 0.1259
4284.59 0.1334
4284.65 0.1403
4284.71 0.1459
4284.77 0.1498
4284.83 0.1515
4284.89 0.1509
4284.96 0.1480
4285.02 0.1432
4285.08 0.1367
4285.14 0.1292
4285.20 0.1213
4285.26 0.1135
4285.32 0.1062
4285.38 0.0998
4285.44 0.0946
4285.50 0.0905
4285.56 0.0877
4285.62 0.0858
4285.68 0.0849
4285.74 0.0846
4285.80 0.0848
4285.86 0.0852
4285.92 0.0856
4285.98 0.0860
4286.04 0.0862
4286.10 0.0861
4286.16 0.0859
4286.22 0.0855
4286.28 0.0851
4286.34 0.0847
4286.40 0.0843
4286.46 0.0841
4286.52 0.0841
4286.58 0.0842
4286.64 0.0845
4286.70 0.0850
4286.76 0.0855
4286.82 0.0860
4286.88 0.0865
4286.94 0.0868
4287.00 0.0870
4287.06 0.0870
4287.12 0.0869
4287.18 0.0868
4287.25 0.0869
4287.31 0.0873
4287.37 0.0884
4287.43 0.0902
4287.49 0.0930
4287.55 0.0970
4287.61 0.1020
4287.67 0.1082
4287.73 0.1152
4287.79 0.1227
4287.85 0.1303
4287.91 0.1375
4287.97 0.1437
4288.03 0.1483
4288.09 0.1510
4288.15 0.1515
4288.21 0.1497
4288.27 0.1458
4288.33 0.1401
4288.39 0.1331
4288.45 0.1253
4288.51 0.1174
4288.57 0.1098
4288.63 0.1030
4288.69 0.0972
4288.75 0.0926
4288.81 0.0892
4288.87 0.0870
4288.93 0.0857
4288.99 0.0853
4289.05 0.0854
4289.11 0.0858
4289.17 0.0863
4289.23 0.0868
4289.29 0.0870
4289.35 0.0870
4289.41 0.0867
4289.47 0.0863
4289.54 0.0858
4289.60 0.0853
4289.66 0.0849
4289.72 0.0847
4289.78 0.0847
4289.84 0.0849
4289.90 0.0852
4289.96 0.0857
4290.02 0.0861
4290.08 0.0865
4290.14 0.0867
4290.20 0.0868
4290.26 0.0867
4290.32 0.0865
4290.38 0.0863
4290.44 0.0863
4290.50 0.0866
4290.56 0.0874
4290.62 0.0891
4290.68 0.0917
4290.74 0.0954
4290.80 0.1002
4290.86 0.1060
4290.92 0.1127
4290.98 0.1200
4291.04 0.1275
4291.10 0.1346
4291.16 0.1409
4291.22 0.1458
4291.28 0.1489
4291.34 0.1500
4291.40 0.1488
4291.46 0.1455
4291.52 0.1404
4291.58 0.1339
4291.64 0.1265
4291.70 0.1188
4291.77 0.1112
4291.83 0.1044
4291.89 0.0984
4291.95 0.0936
4292.01 0.0900
4292.07 0.0875
4292.13 0.0861
4292.19 0.0854
4292.25 0.0854
4292.31 0.0857
4292.37 0.0861
4292.43 0.0864
4292.49 0.0865
4292.55 0.0865
4292.61 0.0862
4292.67 0.0858
4292.73 0.0853
4292.79 0.0849
4292.85 0.0847
4292.91 0.0846
4292.97 0.0848
4293.03 0.0852
4293.09 0.0856
4293.15 0.0862
4293.21 0.0866
4293.27 0.0869
4293.33 0.0870
4293.39 0.0869
4293.45 0.0867
4293.51 0.0864
4293.57 0.0863
4293.63 0.0865
4293.69 0.0872
4293.75 0.0888
4293.81 0.0913
4293.87 0.0948
4293.93 0.0995
4293.99 0.1052
4294.06 0.1117
4294.12 0.1188
4294.18 0.1260
4294.24 0.1329
4294.30 0.1390
4294.36 0.1438
4294.42 0.1468
4294.48 0.1478
4294.54 0.1467
4294.60 0.1435
4294.66 0.1386
4294.72 0.1323
4294.78 0.1252
4294.84 0.1177
4294.90 0.1104
4294.96 0.1038
4295.02 0.0980
4295.08 0.0934
4295.14 0.0899
4295.20 0.0875
4295.26 0.0861
4295.32 0.0855
4295.38 0.0854
4295.44 0.0856
4295.50 0.0860
4295.56 0.0862
4295.62 0.0863
4295.68 0.0861
4295.74 0.0858
4295.80 0.0854
4295.86 0.0850
4295.92 0.0847
4295.98 0.0846
4296.04 0.0848
4296.10 0.0851
4296.16 0.0856
4296.22 0.0861
4296.28 0.0867
4296.35 0.0870
4296.41 0.0872
4296.47 0.0871
4296.53 0.0868
4296.59 0.0865
4296.65 0.0862
4296.71 0.0863
4296.77 0.0869
4296.83 0.0882
4296.89 0.0905
4296.95 0.0939
4297.01 0.0984
4297.07 0.1040
4297.13 0.1103
4297.19 0.1172
4297.25 0.1243
4297.31 0.1309
4297.37 0.1367
4297.43 0.1411
4297.49 0.1438
4297.55 0.1445
4297.61 0.1432
4297.67 0.1399
4297.73 0.1350
4297.79 0.1289
4297.85 0.1220
4297.91 0.1150
4297.97 0.1082
4298.03 0.1021
4298.09 0.0968
4298.15 0.0927
4298.21 0.0897
4298.27 0.0877
4298.33 0.0866
4298.39 0.0862
4298.45 0.0862
4298.51 0.0864
4298.57 0.0867
4298.64 0.0868
4298.70 0.0867
4298.76 0.0863
4298.82 0.0859
4298.88 0.0854
4298.94 0.0849
4299.00 0.0846
4299.06 0.0845
4299.12 0.0846
4299.18 0.0849
4299.24 0.0854
4299.30 0.0859
4299.36 0.0864
4299.42 0.0867
4299.48 0.0868
4299.54 0.0867
4299.60 0.0865
4299.66 0.0864
4299.72 0.0865
4299.78 0.0871
4299.84 0.0885
4299.90 0.0907
4299.96 0.0940
4300.02 0.0983
4300.08 0.1036
4300.14 0.1096
4300.20 0.1162
4300.26 0.1228
4300.32 0.1289
4300.38 0.1342
4300.44 0.1380
4300.50 0.1401
4300.56 0.1403
4300.62 0.1386
4300.68 0.1350
4300.74 0.1300
4300.80 0.1239
4300.87 0.1174
4300.93 0.1107
4300.99 0.1045
4301.05 0.0990
4301.11 0.0944
4301.17 0.0908
4301.23 0.0884
4301.29 0.0868
4301.35 0.0861
4301.41 0.0859
4301.47 0.0860
4301.53 0.0864
4301.59 0.0866
4301.65 0.0868
4301.71 0.0868
4301.77 0.0866
4301.83 0.0863
4301.89 0.0859
4301.95 0.0856
4302.01 0.0855
4302.07 0.0854
4302.13 0.0855
4302.19 0.0858
4302.25 0.0861
4302.31 0.0863
4302.37 0.0865
4302.43 0.0866
4302.49 0.0866
4302.55 0.0866
4302.61 0.0868
4302.67 0.0872
4302.73 0.0882
4302.79 0.0898
4302.85 0.0922
4302.91 0.0956
4302.97 0.0998
4303.03 0.1049
4303.09 0.1105
4303.16 0.1164
4303.22 0.1221
4303.28 0.1272
4303.34 0.1314
4303.40 0.1341
4303.46 0.1352
4303.52 0.1345
4303.58 0.1321
4303.64 0.1282
4303.70 0.1231
4303.76 0.1174
4303.82 0.1114
4303.88 0.1055
4303.94 0.1001
4304.00 0.0955
4304.06 0.0918
4304.12 0.0890
4304.18 0.0872
4304.24 0.0861
4304.30 0.0856
4304.36 0.0855
4304.42 0.0856
4304.48 0.0858
4304.54 0.0860
4304.60 0.0861
4304.66 0.0861
4304.72 0.0860
4304.78 0.0858
4304.84 0.0858
4304.90 0.0858
4304.96 0.0858
4305.02 0.0860
4305.08 0.0861
4305.14 0.0863
4305.20 0.0864
4305.26 0.0864
4305.32 0.0863
4305.38 0.0862
4305.45 0.0862
4305.51 0.0864
4305.57 0.0871
4305.63 0.0883
4305.69 0.0903
4305.75 0.0931
4305.81 0.0968
4305.87 0.1012
4305.93 0.1063
4305.99 0.1117
4306.05 0.1170
4306.11 0.1220
4306.17 0.1260
4306.23 0.1289
4306.29 0.1303
4306.35 0.1301
4306.41 0.1283
4306.47 0.1251
4306.53 0.1207
4306.59 0.1155
4306.65 0.1101
4306.71 0.1046
4306.77 0.0996
4306.83 0.0953
4306.89 0.0917
4306.95 0.0890
4307.01 0.0871
4307.07 0.0860
4307.13 0.0854
4307.19 0.0852
4307.25 0.0852
4307.31 0.0854
4307.37 0.0854
4307.43 0.0854
4307.49 0.0854
4307.55 0.0852
4307.61 0.0851
4307.67 0.0850
4307.74 0.0849
4307.80 0.0850
4307.86 0.0851
4307.92 0.0853
4307.98 0.0854
4308.04 0.0855
4308.10 0.0856
4308.16 0.0857
4308.22 0.0858
4308.28 0.0861
4308.34 0.0867
4308.40 0.0878
4308.46 0.0894
4308.52 0.0917
4308.58 0.0948
4308.64 0.0986
4308.70 0.1029
4308.76 0.1075
4308.82 0.1122
4308.88 0.1167
4308.94 0.1204
4309.00 0.1232
4309.06 0.1247
4309.12 0.1248
4309.18 0.1235
4309.24 0.1209
4309.30 0.1172
4309.36 0.1129
4309.42 0.1081
4309.48 0.1033
4309.54 0.0988
4309.60 0.0948
4309.66 0.0915
4309.72 0.0889
4309.78 0.0871
4309.84 0.0859
4309.90 0.0853
4309.97 0.0851
4310.03 0.0851
4310.09 0.0853
4310.15 0.0855
4310.21 0.0857
4310.27 0.0858
4310.33 0.0859
4310.39 0.0860
4310.45 0.0860
4310.51 0.0860
4310.57 0.0860
4310.63 0.0860
4310.69 0.0859
4310.75 0.0858
4310.81 0.0856
4310.87 0.0855
4310.93 0.0855
4310.99 0.0857
4311.05 0.0862
4311.11 0.0871
4311.17 0.0886
4311.23 0.0907
4311.29 0.0934
4311.35 0.0967
4311.41 0.1005
4311.47 0.1046
4311.53 0.1086
4311.59 0.1124
4311.65 0.1155
4311.71 0.1178
4311.77 0.1189
4311.83 0.1189
4311.89 0.1176
4311.95 0.1152
4312.01 0.1120
4312.07 0.1082
4312.13 0.1041
4312.19 0.1000
4312.26 0.0962
4312.32 0.0929
4312.38 0.0903
4312.44 0.0882
4312.50 0.0868
4312.56 0.0859
4312.62 0.0854
4312.68 0.0852
4312.74 0.0852
4312.80 0.0853
4312.86 0.0854
4312.92 0.0854
4312.98 0.0854
4313.04 0.0854
4313.10 0.0853
4313.16 0.0852
4313.22 0.0851
4313.28 0.0850
4313.34 0.0849
4313.40 0.0848
4313.46 0.0848
4313.52 0.0849
4313.58 0.0850
4313.64 0.0854
4313.70 0.0861
4313.76 0.0871
4313.82 0.0885
4313.88 0.0905
4313.94 0.0929
4314.00 0.0958
4314.06 0.0990
4314.12 0.1024
4314.18 0.1056
4314.24 0.1086
4314.30 0.1109
4314.36 0.1125
4314.42 0.1132
4314.48 0.1129
4314.55 0.1116
4314.61 0.1095
4314.67 0.1068
4314.73 0.1035
4314.79 0.1001
4314.85 0.0968
4314.91 0.0937
4314.97 0.0910
4315.03 0.0887
4315.09 0.0870
4315.15 0.0858
4315.21 0.0850
4315.27 0.0845
4315.33 0.0844
4315.39 0.0844
4315.45 0.0845
4315.51 0.0847
4315.57 0.0849
4315.63 0.0850
4315.69 0.0852
4315.75 0.0853
4315.81 0.0853
4315.87 0.0853
4315.93 0.0852
4315.99 0.0851
4316.05 0.0850
4316.11 0.0850
4316.17 0.0851
4316.23 0.0853
4316.29 0.0859
4316.35 0.0868
4316.41 0.0882
4316.47 0.0899
4316.53 0.0921
4316.59 0.0947
4316.65 0.0974
4316.71 0.1002
4316.77 0.1029
4316.84 0.1052
4316.90 0.1069
4316.96 0.1080
4317.02 0.1083
4317.08 0.1077
4317.14 0.1064
4317.20 0.1044
4317.26 0.1019
4317.32 0.0991
4317.38 0.0963
4317.44 0.0936
4317.50 0.0911
4317.56 0.0890
4317.62 0.0873
4317.68 0.0861
4317.74 0.0854
4317.80 0.0849
4317.86 0.0848
4317.92 0.0849
4317.98 0.0851
4318.04 0.0854
4318.10 0.0856
4318.16 0.0857
4318.22 0.0858
4318.28 0.0858
4318.34 0.0856
4318.40 0.0854
4318.46 0.0852
4318.52 0.0849
4318.58 0.0847
4318.64 0.0847
4318.70 0.0848
4318.76 0.0852
4318.82 0.0859
4318.88 0.0870
4318.94 0.0884
4319.00 0.0901
4319.07 0.0921
4319.13 0.0943
4319.19 0.0965
4319.25 0.0987
4319.31 0.1005
4319.37 0.1020
4319.43 0.1030
4319.49 0.1033
4319.55 0.1030
4319.61 0.1021
4319.67 0.1006
4319.73 0.0988
4319.79 0.0966
4319.85 0.0944
4319.91 0.0922
4319.97 0.0902
4320.03 0.0884
4320.09 0.0870
4320.15 0.0860
4320.21 0.0854
4320.27 0.0850
4320.33 0.0850
4320.39 0.0851
4320.45 0.0852
4320.51 0.0854
4320.57 0.0856
4320.63 0.0857
4320.69 0.0856
4320.75 0.0855
4320.81 0.0853
4320.87 0.0851
4320.93 0.0849
4320.99 0.0847
4321.05 0.0847
4321.11 0.0848
4321.17 0.0852
4321.23 0.0858
4321.29 0.0867
4321.36 0.0878
4321.42 0.0892
4321.48 0.0907
4321.54 0.0923
4321.60 0.0940
4321.66 0.0955
4321.72 0.0968
4321.78 0.0978
4321.84 0.0984
4321.90 0.0986
4321.96 0.0984
4322.02 0.0977
4322.08 0.0966
4322.14 0.0952
4322.20 0.0936
4322.26 0.0919
4322.32 0.0902
4322.38 0.0887
4322.44 0.0873
4322.50 0.0862
4322.56 0.0854
4322.62 0.0849
4322.68 0.0846
4322.74 0.0845
4322.80 0.0845
4322.86 0.0847
4322.92 0.0848
4322.98 0.0849
4323.04 0.0850
4323.10 0.0850
4323.16 0.0850
4323.22 0.0849
4323.28 0.0849
4323.34 0.0848
4323.40 0.0849
4323.46 0.0851
4323.52 0.0854
4323.58 0.0859
4323.65 0.0866
4323.71 0.0875
4323.77 0.0885
4323.83 0.0896
4323.89 0.0908
4323.95 0.0920
4324.01 0.0932
4324.07 0.0941
4324.13 0.0949
4324.19 0.0954
4324.25 0.0955
4324.31 0.0954
4324.37 0.0949
4324.43 0.0941
4324.49 0.0931
4324.55 0.0920
4324.61 0.0907
4324.67 0.0894
4324.73 0.0882
4324.79 0.0872
4324.85 0.0863
4324.91 0.0856
4324.97 0.0851
4325.03 0.0848
4325.09 0.0847
4325.15 0.0846
4325.21 0.0847
4325.27 0.0847
4325.33 0.0848
4325.39 0.0848
4325.45 0.0848
4325.51 0.0848
4325.57 0.0847
4325.63 0.0847
4325.69 0.0847
4325.75 0.0849
4325.81 0.0851
4325.87 0.0855
4325.94 0.0861
4326.00 0.0867
4326.06 0.0875
4326.12 0.0884
4326.18 0.0893
4326.24 0.0902
4326.30 0.0910
4326.36 0.0917
4326.42 0.0921
4326.48 0.0924
4326.54 0.0925
4326.60 0.0923
4326.66 0.0919
4326.72 0.0913
4326.78 0.0906
4326.84 0.0898
4326.90 0.0889
4326.96 0.0881
4327.02 0.0873
4327.08 0.0866
4327.14 0.0860
4327.20 0.0855
4327.26 0.0852
4327.32 0.0850
4327.38 0.0849
4327.44 0.0849
4327.50 0.0849
4327.56 0.0849
4327.62 0.0849
4327.68 0.0849
4327.74 0.0849
4327.80 0.0849
4327.86 0.0849
4327.92 0.0849
4327.98 0.0851
4328.04 0.0853
4328.10 0.0856
4328.17 0.0860
4328.23 0.0865
4328.29 0.0871
4328.35 0.0877
4328.41 0.0883
4328.47 0.0889
4328.53 0.0894
4328.59 0.0898
4328.65 0.0901
4328.71 0.0901
4328.77 0.0900
4328.83 0.0898
4328.89 0.0894
4328.95 0.0888
4329.01 0.0882
4329.07 0.0876
4329.13 0.0870
4329.19 0.0864
4329.25 0.0859
4329.31 0.0855
4329.37 0.0851
4329.43 0.0849
4329.49 0.0848
4329.55 0.0847
4329.61 0.0847
4329.67 0.0847
4329.73 0.0848
4329.79 0.0848
4329.85 0.0849
4329.91 0.0849
4329.97 0.0850
4330.03 0.0850
4330.09 0.0851
4330.15 0.0852
4330.21 0.0853
4330.27 0.0855
4330.33 0.0858
4330.39 0.0862
4330.46 0.0866
4330.52 0.0870
4330.58 0.0874
4330.64 0.0878
4330.70 0.0881
4330.76 0.0884
4330.82 0.0885
4330.88 0.0885
4330.94 0.0884
4331.00 0.0882
4331.06 0.0879
4331.12 0.0875
4331.18 0.0871
4331.24 0.0867
4331.30 0.0863
4331.36 0.0860
4331.42 0.0857
4331.48 0.0855
4331.54 0.0853
4331.60 0.0853
4331.66 0.0852
4331.72 0.0852
4331.78 0.0852
4331.84 0.0852
4331.90 0.0851
4331.96 0.0851
4332.02 0.0851
4332.08 0.0851
4332.14 0.0851
4332.20 0.0852
4332.26 0.0853
4332.32 0.0854
4332.38 0.0856
4332.44 0.0859
4332.50 0.0862
4332.56 0.0865
4332.62 0.0868
4332.68 0.0870
4332.75 0.0872
4332.81 0.0874
4332.87 0.0874
4332.93 0.0874
4332.99 0.0873
4333.05 0.0871
4333.11 0.0869
4333.17 0.0866
4333.23 0.0863
4333.29 0.0860
4333.35 0.0857
4333.41 0.0855
4333.47 0.0853
4333.53 0.0852
4333.59 0.0851
4333.65 0.0850
4333.71 0.0850
4333.77 0.0849
4333.83 0.0849
4333.89 0.0848
4333.95 0.0848
4334.01 0.0848
4334.07 0.0848
4334.13 0.0848
4334.19 0.0848
4334.25 0.0849
4334.31 0.0851
4334.37 0.0853
4334.43 0.0855
4334.49 0.0858
4334.55 0.0861
4334.61 0.0864
4334.67 0.0866
4334.73 0.0869
4334.79 0.0870
4334.85 0.0871
4334.91 0.0870
4334.97 0.0869
4335.04 0.0868
4335.10 0.0866
4335.16 0.0863
4335.22 0.0861
4335.28 0.0858
4335.34 0.0856
4335.40 0.0855
4335.46 0.0854
4335.52 0.0853
4335.58 0.0852
4335.64 0.0852
4335.70 0.0852
4335.76 0.0852
4335.82 0.0852
4335.88 0.0852
4335.94 0.0852
4336.00 0.0851
4336.06 0.0851
4336.12 0.0850
4336.18 0.0850
4336.24 0.0850
4336.30 0.0851
4336.36 0.0851
4336.42 0.0852
4336.48 0.0854
4336.54 0.0855
4336.60 0.0857
4336.66 0.0858
4336.72 0.0860
4336.78 0.0860
4336.84 0.0861
4336.90 0.0861
4336.96 0.0860
4337.02 0.0860
4337.08 0.0858
4337.14 0.0857
4337.20 0.0856
4337.27 0.0854
4337.33 0.0853
4337.39 0.0852
4337.45 0.0851
4337.51 0.0851
4337.57 0.0850
4337.63 0.0850
4337.69 0.0851
4337.75 0.0851
4337.81 0.0852
4337.87 0.0853
4337.93 0.0854
4337.99 0.0855
4338.05 0.0857
4338.11 0.0858
4338.17 0.0859
4338.23 0.0860
4338.29 0.0861
4338.35 0.0861
4338.41 0.0862
4338.47 0.0861
4338.53 0.0861
4338.59 0.0860
4338.65 0.0859
4338.71 0.0858
4338.77 0.0857
4338.83 0.0855
4338.89 0.0854
4338.95 0.0853
4339.01 0.0853
4339.07 0.0852
4339.13 0.0852
4339.19 0.0851
4339.25 0.0851
4339.31 0.0851
4339.37 0.0850
4339.43 0.0850
4339.49 0.0850
4339.56 0.0849
4339.62 0.0849
4339.68 0.0849
4339.74 0.0849
4339.80 0.0849
4339.86 0.0849
4339.92 0.0850
4339.98 0.0850
4340.04 0.0851
4340.10 0.0853
4340.16 0.0854
4340.22 0.0855
4340.28 0.0856
4340.34 0.0857
4340.40 0.0857
4340.46 0.0858
4340.52 0.0858
4340.58 0.0858
4340.64 0.0858
4340.70 0.0857
4340.76 0.0857
4340.82 0.0857
4340.88 0.0857
4340.94 0.0857
4341.00 0.0857
4341.06 0.0858
4341.12 0.0858
4341.18 0.0859
4341.24 0.0859
4341.30 0.0860
4341.36 0.0860
4341.42 0.0861
4341.48 0.0861
4341.54 0.0861
4341.60 0.0861
4341.66 0.0860
4341.72 0.0859
4341.78 0.0859
4341.85 0.0858
4341.91 0.0857
4341.97 0.0856
4342.03 0.0854
4342.09 0.0854
4342.15 0.0853
4342.21 0.0852
4342.27 0.0851
4342.33 0.0851
4342.39 0.0851
4342.45 0.0850
4342.51 0.0850
4342.57 0.0850
4342.63 0.0850
4342.69 0.0850
4342.75 0.0850
4342.81 0.0850
4342.87 0.0850
4342.93 0.0850
4342.99 0.0850
4343.05 0.0850
4343.11 0.0850
4343.17 0.0851
4343.23 0.0851
4343.29 0.0852
4343.35 0.0853
4343.41 0.0854
4343.47 0.0855
4343.53 0.0856
4343.59 0.0857
4343.65 0.0858
4343.71 0.0858
4343.77 0.0858
4343.83 0.0858
4343.89 0.0858
4343.95 0.0858
4344.01 0.0858
4344.07 0.0858
4344.14 0.0858
4344.20 0.0858
4344.26 0.0858
4344.32 0.0859
4344.38 0.0860
4344.44 0.0861
4344.50 0.0861
4344.56 0.0862
4344.62 0.0863
4344.68 0.0863
4344.74 0.0864
4344.80 0.0863
4344.86 0.0863
4344.92 0.0862
4344.98 0.0861
4345.04 0.0860
4345.10 0.0859
4345.16 0.0858
4345.22 0.0857
4345.28 0.0856
4345.34 0.0856
4345.40 0.0856
4345.46 0.0856
4345.52 0.0856
4345.58 0.0856
4345.64 0.0856
4345.70 0.0856
4345.76 0.0856
4345.82 0.0856
4345.88 0.0855
4345.94 0.0855
4346.00 0.0854
4346.06 0.0854
4346.12 0.0853
4346.18 0.0853
4346.24 0.0852
4346.30 0.0853
4346.37 0.0853
4346.43 0.0853
4346.49 0.0854
4346.55 0.0855
4346.61 0.0856
4346.67 0.0857
4346.73 0.0858
4346.79 0.0859
4346.85 0.0859
4346.91 0.0860
4346.97 0.0860
4347.03 0.0860
4347.09 0.0860
4347.15 0.0860
4347.21 0.0860
4347.27 0.0859
4347.33 0.0859
4347.39 0.0859
4347.45 0.0859
4347.51 0.0859
4347.57 0.0859
4347.63 0.0859
4347.69 0.0860
4347.75 0.0860
4347.81 0.0861
4347.87 0.0861
4347.93 0.0862
4347.99 0.0862
4348.05 0.0863
4348.11 0.0863
4348.17 0.0863
4348.23 0.0863
4348.29 0.0863
4348.35 0.0863
4348.41 0.0862
4348.47 0.0862
4348.53 0.0861
4348.59 0.0860
4348.66 0.0860
4348.72 0.0859
4348.78 0.0859
4348.84 0.0859
4348.90 0.0859
4348.96 0.0859
4349.02 0.0859
4349.08 0.0859
4349.14 0.0859
4349.20 0.0859
4349.26 0.0858
4349.32 0.0858
4349.38 0.0858
4349.44 0.0857
4349.50 0.0856
4349.56 0.0856
4349.62 0.0855
4349.68 0.0855
4349.74 0.0855
4349.80 0.0855
4349.86 0.0856
4349.92 0.0856
4349.98 0.0857
4350.04 0.0858
4350.10 0.0859
4350.16 0.0860
4350.22 0.0861
4350.28 0.0862
4350.34 0.0862
4350.40 0.0862
4350.46 0.0862
4350.52 0.0862
4350.58 0.0861
4350.64 0.0861
4350.70 0.0860
4350.76 0.0860
4350.82 0.0860
4350.88 0.0860
4350.95 0.0861
4351.01 0.0861
4351.07 0.0862
4351.13 0.0863
4351.19 0.0864
4351.25 0.0864
4351.31 0.0865
4351.37 0.0865
4351.43 0.0865
4351.49 0.0865
4351.55 0.0864
4351.61 0.0864
4351.67 0.0863
4351.73 0.0863
4351.79 0.0862
4351.85 0.0862
4351.91 0.0862
4351.97 0.0861
4352.03 0.0862
4352.09 0.0862
4352.15 0.0862
4352.21 0.0862
4352.27 0.0862
4352.33 0.0862
4352.39 0.0862
4352.45 0.0862
4352.51 0.0862
4352.57 0.0862
4352.63 0.0861
4352.69 0.0861
4352.75 0.0861
4352.81 0.0861
4352.87 0.0861
4352.93 0.0861
4352.99 0.0861
4353.05 0.0862
4353.11 0.0862
4353.18 0.0863
4353.24 0.0863
4353.30 0.0864
4353.36 0.0864
4353.42 0.0865
4353.48 0.0865
4353.54 0.0865
4353.60 0.0866
4353.66 0.0866
4353.72 0.0866
4353.78 0.0865
4353.84 0.0865
4353.90 0.0865
4353.96 0.0865
4354.02 0.0865
4354.08 0.0865
4354.14 0.0866
4354.20 0.0866
4354.26 0.0867
4354.32 0.0867
4354.38 0.0868
4354.44 0.0869
4354.50 0.0869
4354.56 0.0870
4354.62 0.0871
4354.68 0.0871
4354.74 0.0871
4354.80 0.0871
4354.86 0.0871
4354.92 0.0871
4354.98 0.0870
4355.04 0.0870
4355.10 0.0869
4355.16 0.0869
4355.22 0.0868
4355.28 0.0868
4355.34 0.0867
4355.40 0.0867
4355.47 0.0867
4355.53 0.0867
4355.59 0.0867
4355.65 0.0868
4355.71 0.0868
4355.77 0.0868
4355.83 0.0868
4355.89 0.0867
4355.95 0.0867
4356.01 0.0867
4356.07 0.0867
4356.13 0.0867
4356.19 0.0867
4356.25 0.0867
4356.31 0.0867
4356.37 0.0868
4356.43 0.0868
4356.49 0.0869
4356.55 0.0869
4356.61 0.0870
4356.67 0.0870
4356.73 0.0871
4356.79 0.0871
4356.85 0.0872
4356.91 0.0872
4356.97 0.0872
4357.03 0.0871
4357.09 0.0871
4357.15 0.0871
4357.21 0.0871
4357.27 0.0871
4357.33 0.0871
4357.39 0.0871
4357.45 0.0871
4357.51 0.0871
4357.57 0.0871
4357.63 0.0871
4357.69 0.0872
4357.76 0.0872
4357.82 0.0872
4357.88 0.0873
4357.94 0.0873
4358.00 0.0873
4358.06 0.0873
4358.12 0.0873
4358.18 0.0872
4358.24 0.0872
4358.30 0.0871
4358.36 0.0871
4358.42 0.0870
4358.48 0.0870
4358.54 0.0869
4358.60 0.0869
4358.66 0.0869
4358.72 0.0869
4358.78 0.0869
4358.84 0.0869
4358.90 0.0869
4358.96 0.0869
4359.02 0.0869
4359.08 0.0869
4359.14 0.0869
4359.20 0.0869
4359.26 0.0869
4359.32 0.0869
4359.38 0.0869
4359.44 0.0868
4359.50 0.0868
4359.56 0.0868
4359.62 0.0868
4359.68 0.0869
4359.74 0.0869
4359.80 0.0869
4359.86 0.0870
4359.92 0.0870
4359.98 0.0870
4360.05 0.0871
4360.11 0.0871
4360.17 0.0871
4360.23 0.0871
4360.29 0.0871
4360.35 0.0871
4360.41 0.0870
4360.47 0.0870
4360.53 0.0870
4360.59 0.0870
4360.65 0.0870
4360.71 0.0870
4360.77 0.0871
4360.83 0.0871
4360.89 0.0872
4360.95 0.0872
4361.01 0.0873
4361.07 0.0874
4361.13 0.0874
4361.19 0.0875
4361.25 0.0875
4361.31 0.0876
4361.37 0.0876
4361.43 0.0876
4361.49 0.0876
4361.55 0.0876
4361.61 0.0875
4361.67 0.0875
4361.73 0.0874
4361.79 0.0874
4361.85 0.0874
4361.91 0.0874
4361.97 0.0873
4362.03 0.0873
4362.09 0.0874
4362.15 0.0874
4362.21 0.0874
4362.28 0.0875
4362.34 0.0875
4362.40 0.0876
4362.46 0.0876
4362.52 0.0876
4362.58 0.0877
4362.64 0.0877
4362.70 0.0877
4362.76 0.0877
4362.82 0.0876
4362.88 0.0876
4362.94 0.0876
4363.00 0.0876
4363.06 0.0876
4363.12 0.0876
4363.18 0.0876
4363.24 0.0876
4363.30 0.0876
4363.36 0.0876
4363.42 0.0877
4363.48 0.0877
4363.54 0.0877
4363.60 0.0877
4363.66 0.0877
4363.72 0.0878
4363.78 0.0878
4363.84 0.0878
4363.90 0.0878
4363.96 0.0878
4364.02 0.0878
4364.08 0.0879
4364.14 0.0879
4364.20 0.0879
4364.26 0.0879
4364.32 0.0880
4364.38 0.0880
4364.44 0.0880
4364.50 0.0880
4364.57 0.0879
4364.63 0.0879
4364.69 0.0879
4364.75 0.0878
4364.81 0.0878
4364.87 0.0878
4364.93 0.0877
4364.99 0.0877
4365.05 0.0877
4365.11 0.0877
4365.17 0.0878
4365.23 0.0878
4365.29 0.0878
4365.35 0.0879
4365.41 0.0879
4365.47 0.0880
4365.53 0.0880
4365.59 0.0880
4365.65 0.0880
4365.71 0.0880
4365.77 0.0879
4365.83 0.0879
4365.89 0.0878
4365.95 0.0878
4366.01 0.0877
4366.07 0.0877
4366.13 0.0877
4366.19 0.0876
4366.25 0.0877
4366.31 0.0877
4366.37 0.0877
4366.43 0.0878
4366.49 0.0879
4366.55 0.0879
4366.61 0.0880
4366.67 0.0880
4366.73 0.0881
4366.79 0.0881
4366.86 0.0881
4366.92 0.0881
4366.98 0.0880
4367.04 0.0880
4367.10 0.0879
4367.16 0.0879
4367.22 0.0878
4367.28 0.0878
4367.34 0.0877
4367.40 0.0877
4367.46 0.0877
4367.52 0.0878
4367.58 0.0878
4367.64 0.0879
4367.70 0.0880
4367.76 0.0881
4367.82 0.0882
4367.88 0.0882
4367.94 0.0883
4368.00 0.0883
4368.06 0.0884
4368.12 0.0884
4368.18 0.0884
4368.24 0.0884
4368.30 0.0883
4368.36 0.0883
4368.42 0.0883
4368.48 0.0882
4368.54 0.0882
4368.60 0.0882
4368.66 0.0882
4368.72 0.0882
4368.78 0.0882
4368.84 0.0883
4368.90 0.0883
4368.96 0.0883
4369.02 0.0883
4369.08 0.0883
4369.15 0.0882
4369.21 0.0882
4369.27 0.0882
4369.33 0.0881
4369.39 0.0881
4369.45 0.0880
4369.51 0.0880
4369.57 0.0880
4369.63 0.0880
4369.69 0.0880
4369.75 0.0881
4369.81 0.0881
4369.87 0.0882
4369.93 0.0882
4369.99 0.0883
4370.05 0.0883
4370.11 0.0884
4370.17 0.0884
4370.23 0.0885
4370.29 0.0885
4370.35 0.0885
4370.41 0.0885
4370.47 0.0885
4370.53 0.0885
4370.59 0.0885
4370.65 0.0885
4370.71 0.0885
4370.77 0.0885
4370.83 0.0885
4370.89 0.0885
4370.95 0.0885
4371.01 0.0885
4371.07 0.0885
4371.13 0.0885
4371.19 0.0884
4371.25 0.0884
4371.31 0.0884
4371.38 0.0884
4371.44 0.0883
4371.50 0.0883
4371.56 0.0883
4371.62 0.0883
4371.68 0.0883
4371.74 0.0883
4371.80 0.0883
4371.86 0.0884
4371.92 0.0884
4371.98 0.0884
4372.04 0.0884
4372.10 0.0884
4372.16 0.0884
4372.22 0.0884
4372.28 0.0884
4372.34 0.0884
4372.40 0.0885
4372.46 0.0885
4372.52 0.0885
4372.58 0.0886
4372.64 0.0886
4372.70 0.0886
4372.76 0.0887
4372.82 0.0887
4372.88 0.0887
4372.94 0.0888
4373.00 0.0888
4373.06 0.0888
4373.12 0.0888
4373.18 0.0888
4373.24 0.0887
4373.30 0.0887
4373.36 0.0887
4373.42 0.0887
4373.48 0.0887
4373.54 0.0887
4373.60 0.0887
4373.67 0.0887
4373.73 0.0887
4373.79 0.0887
4373.85 0.0887
4373.91 0.0887
4373.97 0.0888
4374.03 0.0888
4374.09 0.0888
4374.15 0.0888
4374.21 0.0888
4374.27 0.0888
4374.33 0.0888
4374.39 0.0888
4374.45 0.0888
4374.51 0.0888
4374.57 0.0888
4374.63 0.0887
4374.69 0.0887
4374.75 0.0887
4374.81 0.0887
4374.87 0.0887
4374.93 0.0887
4374.99 0.0887
4375.05 0.0888
4375.11 0.0888
4375.17 0.0888
4375.23 0.0889
4375.29 0.0889
4375.35 0.0890
4375.41 0.0890
4375.47 0.0891
4375.53 0.0891
4375.59 0.0891
4375.65 0.0891
4375.71 0.0891
4375.77 0.0891
4375.83 0.0891
4375.89 0.0891
4375.96 0.0891
4376.02 0.0890
4376.08 0.0890
4376.14 0.0890
4376.20 0.0890
4376.26 0.0890
4376.32 0.0891
4376.38 0.0891
4376.44 0.0891
4376.50 0.0891
4376.56 0.0891
4376.62 0.0891
4376.68 0.0892
4376.74 0.0892
4376.80 0.0892
4376.86 0.0892
4376.92 0.0892
4376.98 0.0892
4377.04 0.0892
4377.10 0.0892
4377.16 0.0892
4377.22 0.0892
4377.28 0.0892
4377.34 0.0892
4377.40 0.0892
4377.46 0.0892
4377.52 0.0893
4377.58 0.0893
4377.64 0.0893
4377.70 0.0893
4377.76 0.0894
4377.82 0.0894
4377.88 0.0894
4377.94 0.0895
4378.00 0.0895
4378.06 0.0895
4378.12 0.0895
4378.18 0.0895
4378.25 0.0894
4378.31 0.0894
4378.37 0.0894
4378.43 0.0894
4378.49 0.0894
4378.55 0.0894
4378.61 0.0895
4378.67 0.0895
4378.73 0.0895
4378.79 0.0895
4378.85 0.0896
4378.91 0.0896
4378.97 0.0897
4379.03 0.0897
4379.09 0.0897
4379.15 0.0897
4379.21 0.0897
4379.27 0.0897
4379.33 0.0897
4379.39 0.0897
4379.45 0.0897
4379.51 0.0897
4379.57 0.0897
4379.63 0.0897
4379.69 0.0897
4379.75 0.0898
4379.81 0.0898
4379.87 0.0898
4379.93 0.0898
4379.99 0.0898
